1 1.000000 0.000000 0.000000 0.000000 -0.000000 -0.000000 -0.000000 1 IMG000001.png 

2 0.999978 0.001315 0.006083 0.002187 0.006964 0.002204 -0.030753 1 IMG000002.png 

3 0.999975 0.001925 0.006431 0.002325 0.008241 0.002916 -0.033356 1 IMG000003.png 

4 0.999863 0.001076 0.016425 0.001425 0.014326 0.004343 -0.052007 1 IMG000004.png 

5 0.999172 0.006282 0.039878 0.005034 0.037721 0.014522 -0.133618 1 IMG000005.png 

6 0.998834 0.004944 0.047653 0.005886 0.043527 0.017887 -0.164514 1 IMG000006.png 

7 0.998222 0.006797 0.059015 0.004968 0.046465 0.021850 -0.201666 1 IMG000007.png 

8 0.998041 0.009293 0.061793 0.002931 0.047147 0.025702 -0.242273 1 IMG000008.png 

9 0.997471 0.007430 0.070479 0.005439 0.049683 0.036661 -0.321742 1 IMG000009.png 

10 0.997341 0.003971 0.072241 0.008696 0.053330 0.040311 -0.360988 1 IMG000010.png 

11 0.997527 0.006010 0.069556 0.008061 0.050627 0.049271 -0.417761 1 IMG000011.png 

12 0.997851 0.000519 0.064884 0.009124 0.047808 0.054389 -0.484280 1 IMG000012.png 

13 0.998534 -0.003239 0.053541 0.007300 0.046081 0.059536 -0.540872 1 IMG000013.png 

14 0.998940 -0.001214 0.045980 0.001532 0.040058 0.069239 -0.598764 1 IMG000014.png 

15 0.999454 0.002520 0.032762 0.003400 0.042572 0.074918 -0.660725 1 IMG000015.png 

16 0.999430 0.002280 0.033668 -0.001110 0.035889 0.085037 -0.726400 1 IMG000016.png 

17 0.999454 0.002076 0.032725 -0.004067 0.033122 0.095777 -0.802688 1 IMG000017.png 

18 0.999183 -0.005540 0.039905 0.003056 0.030341 0.093971 -0.873796 1 IMG000018.png 

19 0.998706 -0.000283 0.050841 -0.000927 0.018204 0.113237 -0.946402 1 IMG000019.png 

20 0.997690 -0.000516 0.067927 -0.000217 -0.001853 0.120784 -1.015365 1 IMG000020.png 

21 0.995923 -0.002068 0.090104 0.003833 -0.028059 0.126333 -1.078031 1 IMG000021.png 

22 0.993698 -0.008168 0.111090 0.012504 -0.045689 0.125582 -1.152326 1 IMG000022.png 

23 0.991597 -0.003178 0.128906 0.010397 -0.075317 0.137238 -1.223102 1 IMG000023.png 

24 0.990108 -0.000662 0.139816 0.011748 -0.095366 0.152095 -1.294569 1 IMG000024.png 

25 0.989284 0.002950 0.145430 0.012619 -0.103361 0.169513 -1.368674 1 IMG000025.png 

26 0.988862 -0.003097 0.148118 0.014271 -0.112864 0.165096 -1.457194 1 IMG000026.png 

27 0.988906 0.000487 0.147649 0.016288 -0.113586 0.182816 -1.513357 1 IMG000027.png 

28 0.988931 0.005045 0.147200 0.017934 -0.114112 0.202969 -1.584639 1 IMG000028.png 

29 0.988642 -0.000134 0.150047 0.008569 -0.126900 0.199392 -1.655322 1 IMG000029.png 

30 0.988553 0.000701 0.150623 0.008707 -0.130911 0.211467 -1.727947 1 IMG000030.png 

31 0.988079 -0.005341 0.153664 0.007704 -0.140040 0.201150 -1.801824 1 IMG000031.png 

32 0.986802 -0.003254 0.161317 0.013714 -0.163019 0.214844 -1.871948 1 IMG000032.png 

33 0.984859 -0.000214 0.172415 0.018023 -0.196013 0.232526 -1.947787 1 IMG000033.png 

34 0.983990 -0.001940 0.177619 0.014573 -0.212325 0.240902 -2.035116 1 IMG000034.png 

35 0.983126 -0.002464 0.182691 0.009034 -0.239448 0.245602 -2.118643 1 IMG000035.png 

36 0.982909 0.006140 0.183823 0.007868 -0.247400 0.288277 -2.202647 1 IMG000036.png 

37 0.982373 0.000677 0.186719 0.008829 -0.259120 0.279107 -2.282747 1 IMG000037.png 

38 0.982026 -0.001819 0.188308 0.012747 -0.266350 0.276658 -2.349315 1 IMG000038.png 

39 0.981639 0.000894 0.190359 0.012159 -0.276851 0.294388 -2.415818 1 IMG000039.png 

40 0.981504 0.001144 0.191231 0.008882 -0.286699 0.302284 -2.486155 1 IMG000040.png 

41 0.981752 0.002655 0.189757 0.012146 -0.282348 0.320967 -2.554248 1 IMG000041.png 

42 0.981002 -0.001802 0.193628 0.011804 -0.303399 0.307822 -2.619640 1 IMG000042.png 

43 0.981590 0.001135 0.190798 0.008699 -0.292887 0.330220 -2.690697 1 IMG000043.png 

44 0.981346 -0.005240 0.191762 0.012630 -0.300207 0.305843 -2.755127 1 IMG000044.png 

45 0.981847 -0.001315 0.189557 0.006526 -0.290246 0.332240 -2.821071 1 IMG000045.png 

46 0.981260 -0.001527 0.192494 0.008542 -0.310143 0.339015 -2.884958 1 IMG000046.png 

47 0.981404 -0.002422 0.191779 0.007859 -0.310441 0.340929 -2.952626 1 IMG000047.png 

48 0.981993 -0.004552 0.188300 0.014557 -0.290506 0.341248 -3.015044 1 IMG000048.png 

49 0.981401 -0.001515 0.191846 0.006711 -0.313809 0.364110 -3.071707 1 IMG000049.png 

50 0.981939 -0.001241 0.189006 0.008373 -0.299560 0.372927 -3.132129 1 IMG000050.png 

51 0.981710 0.001283 0.190086 0.010512 -0.308498 0.394871 -3.187725 1 IMG000051.png 

52 0.982615 0.001117 0.185509 0.007334 -0.286753 0.395633 -3.252912 1 IMG000052.png 

53 0.983014 0.003264 0.183230 0.009984 -0.275454 0.417791 -3.316411 1 IMG000053.png 

54 0.983124 0.001127 0.182540 0.012081 -0.274943 0.418162 -3.380403 1 IMG000054.png 

55 0.983372 0.004281 0.181157 0.011963 -0.268248 0.445234 -3.439337 1 IMG000055.png 

56 0.983938 0.006284 0.178057 0.011086 -0.250753 0.463239 -3.515629 1 IMG000056.png 

57 0.983829 0.004040 0.178716 0.011148 -0.258220 0.459143 -3.576289 1 IMG000057.png 

58 0.984477 0.004201 0.175286 0.007946 -0.237377 0.464729 -3.653997 1 IMG000058.png 

59 0.984735 0.000330 0.173851 0.008543 -0.232588 0.451842 -3.733992 1 IMG000059.png 

60 0.985374 0.004677 0.169968 0.011279 -0.208386 0.491344 -3.791888 1 IMG000060.png 

61 0.985982 0.000396 0.166484 0.011052 -0.184585 0.467580 -3.868209 1 IMG000061.png 

62 0.986186 0.003291 0.165080 0.013196 -0.179256 0.498427 -3.926118 1 IMG000062.png 

63 0.985521 0.001915 0.169240 0.010075 -0.214240 0.493521 -3.998292 1 IMG000063.png 

64 0.986773 0.001333 0.161483 0.014151 -0.155237 0.498904 -4.059521 1 IMG000064.png 

65 0.986461 0.003196 0.163775 0.007926 -0.174940 0.516686 -4.121362 1 IMG000065.png 

66 0.986566 0.004397 0.162545 0.015746 -0.169234 0.538965 -4.181412 1 IMG000066.png 

67 0.986345 0.009118 0.164075 0.010960 -0.184132 0.581479 -4.237101 1 IMG000067.png 

68 0.986874 0.001325 0.160526 0.017560 -0.157814 0.528845 -4.303306 1 IMG000068.png 

69 0.987338 0.004147 0.158209 0.010814 -0.135822 0.554205 -4.363666 1 IMG000069.png 

70 0.987246 0.002530 0.158883 0.009779 -0.144082 0.547943 -4.426598 1 IMG000070.png 

71 0.987346 -0.005014 0.158094 0.011338 -0.136685 0.489391 -4.496859 1 IMG000071.png 

72 0.987781 -0.006479 0.155247 0.012001 -0.115071 0.488737 -4.563994 1 IMG000072.png 

73 0.987381 -0.007143 0.157587 0.013927 -0.138218 0.492708 -4.630245 1 IMG000073.png 

74 0.987831 -0.002468 0.154351 0.018946 -0.115030 0.541561 -4.693451 1 IMG000074.png 

75 0.987825 -0.002614 0.154964 0.013430 -0.120110 0.539294 -4.764956 1 IMG000075.png 

76 0.987566 0.000733 0.156787 0.011459 -0.136097 0.579080 -4.831813 1 IMG000076.png 

77 0.987460 -0.001146 0.157388 0.012281 -0.144822 0.572690 -4.902668 1 IMG000077.png 

78 0.986285 0.000156 0.164217 0.016588 -0.212284 0.598286 -4.968570 1 IMG000078.png 

79 0.985987 0.002660 0.165826 0.018008 -0.229664 0.636336 -5.035354 1 IMG000079.png 

80 0.985895 -0.000234 0.166552 0.016452 -0.238355 0.610946 -5.093292 1 IMG000080.png 

81 0.985540 -0.004542 0.168541 0.016841 -0.262726 0.571766 -5.171055 1 IMG000081.png 

82 0.986038 0.002983 0.166104 0.011367 -0.233945 0.649690 -5.243072 1 IMG000082.png 

83 0.985716 0.009106 0.167816 0.010909 -0.252339 0.723917 -5.291453 1 IMG000083.png 

84 0.985771 0.003124 0.167612 0.012329 -0.253951 0.662521 -5.354616 1 IMG000084.png 

85 0.985332 -0.005967 0.169926 0.014498 -0.282541 0.577365 -5.438361 1 IMG000085.png 

86 0.985799 0.009783 0.167019 0.014495 -0.253055 0.758903 -5.478836 1 IMG000086.png 

87 0.985694 0.005198 0.168015 0.012344 -0.262081 0.714778 -5.565905 1 IMG000087.png 

88 0.985776 0.002168 0.167751 0.010012 -0.261146 0.689599 -5.631076 1 IMG000088.png 

89 0.986015 0.003030 0.166346 0.009683 -0.246437 0.709077 -5.690874 1 IMG000089.png 

90 0.986310 -0.009453 0.164306 0.010342 -0.228248 0.574614 -5.767906 1 IMG000090.png 

91 0.986492 0.003302 0.163059 0.015333 -0.219873 0.735157 -5.812632 1 IMG000091.png 

92 0.986864 -0.001827 0.161003 0.013173 -0.196465 0.679819 -5.882877 1 IMG000092.png 

93 0.986507 0.002838 0.162898 0.016151 -0.220925 0.752477 -5.934521 1 IMG000093.png 

94 0.986613 -0.010110 0.162400 0.010936 -0.211635 0.594516 -6.010610 1 IMG000094.png 

95 0.986724 0.000929 0.161856 0.013306 -0.210758 0.742145 -6.057914 1 IMG000095.png 

96 0.987041 -0.002121 0.159837 0.014049 -0.189415 0.702342 -6.118643 1 IMG000096.png 

97 0.986637 -0.002478 0.162403 0.012904 -0.219013 0.708982 -6.179302 1 IMG000097.png 

98 0.985220 -0.005964 0.170812 0.011333 -0.321782 0.659984 -6.238733 1 IMG000098.png 

99 0.983509 0.004260 0.180111 0.015870 -0.438535 0.804363 -6.280128 1 IMG000099.png 

100 0.981094 0.004143 0.192814 0.016156 -0.593294 0.804604 -6.328024 1 IMG000100.png 

101 0.979083 -0.000782 0.202087 0.023590 -0.714889 0.759535 -6.380878 1 IMG000101.png 

102 0.977292 -0.000353 0.210602 0.023401 -0.820407 0.765446 -6.425247 1 IMG000102.png 

103 0.975781 0.001375 0.217738 0.020980 -0.910520 0.793662 -6.468817 1 IMG000103.png 

104 0.975840 -0.004014 0.217618 0.019063 -0.910634 0.728593 -6.533323 1 IMG000104.png 

105 0.976224 -0.014751 0.215318 0.020161 -0.884215 0.601531 -6.607814 1 IMG000105.png 

106 0.977859 -0.001735 0.208239 0.020637 -0.796913 0.779647 -6.659951 1 IMG000106.png 

107 0.979174 -0.006460 0.202188 0.017244 -0.718309 0.719704 -6.731927 1 IMG000107.png 

108 0.981830 -0.001804 0.188114 0.024891 -0.548379 0.800996 -6.794495 1 IMG000108.png 

109 0.984382 -0.002995 0.174531 0.022843 -0.369458 0.798572 -6.862915 1 IMG000109.png 

110 0.986422 0.001771 0.163875 0.010643 -0.217559 0.844309 -6.918555 1 IMG000110.png 

111 0.987800 0.001533 0.155421 0.009662 -0.107128 0.849647 -6.974329 1 IMG000111.png 

112 0.988980 0.000128 0.147492 0.012818 -0.004008 0.845094 -7.045527 1 IMG000112.png 

113 0.988763 0.000823 0.149451 0.003455 -0.025079 0.838021 -7.098822 1 IMG000113.png 

114 0.989256 -0.002295 0.145210 0.016783 0.014501 0.832152 -7.151773 1 IMG000114.png 

115 0.989001 0.002043 0.146945 0.016751 -0.007061 0.895791 -7.196773 1 IMG000115.png 

116 0.988788 0.000886 0.148844 0.011971 -0.031907 0.875268 -7.254491 1 IMG000116.png 

117 0.988223 -0.003928 0.152186 0.015461 -0.086358 0.818075 -7.331895 1 IMG000117.png 

118 0.988097 0.003912 0.152869 0.016748 -0.098179 0.945389 -7.374202 1 IMG000118.png 

119 0.988258 0.005589 0.152508 0.007459 -0.083622 0.962348 -7.449129 1 IMG000119.png 

120 0.988972 -0.008852 0.146277 0.021403 -0.010646 0.793383 -7.540472 1 IMG000120.png 

121 0.988977 -0.003336 0.147218 0.015508 -0.017274 0.867405 -7.586013 1 IMG000121.png 

122 0.988460 -0.012048 0.150949 0.003911 -0.059522 0.720523 -7.671558 1 IMG000122.png 

123 0.987421 -0.022358 0.156295 0.008419 -0.147844 0.586855 -7.749189 1 IMG000123.png 

124 0.986939 -0.022794 0.159316 0.007046 -0.198182 0.579837 -7.817220 1 IMG000124.png 

125 0.987756 -0.011088 0.155105 0.012588 -0.137698 0.776941 -7.871250 1 IMG000125.png 

126 0.987864 -0.010424 0.154519 0.011826 -0.131070 0.795070 -7.938169 1 IMG000126.png 

127 0.987493 0.003302 0.157352 0.009320 -0.173842 0.999337 -7.984493 1 IMG000127.png 

128 0.987322 0.012887 0.157675 0.012922 -0.186364 1.172301 -8.029182 1 IMG000128.png 

129 0.988088 0.008902 0.152873 0.015272 -0.115611 1.122709 -8.102628 1 IMG000129.png 

130 0.988239 0.008930 0.151948 0.014693 -0.101961 1.129546 -8.164573 1 IMG000130.png 

131 0.987802 0.002569 0.154337 0.020525 -0.151858 1.045019 -8.222709 1 IMG000131.png 

132 0.987770 0.004104 0.154379 0.021445 -0.155533 1.081396 -8.270341 1 IMG000132.png 

133 0.987380 -0.001599 0.157423 0.017200 -0.196134 0.981572 -8.334084 1 IMG000133.png 

134 0.986725 -0.002081 0.161849 0.013210 -0.267108 0.979278 -8.402458 1 IMG000134.png 

135 0.987007 -0.012779 0.159385 0.015813 -0.233370 0.815594 -8.471227 1 IMG000135.png 

136 0.986372 -0.013497 0.163367 0.014120 -0.297860 0.801745 -8.537802 1 IMG000136.png 

137 0.986082 -0.019145 0.164269 0.017076 -0.323236 0.721533 -8.612078 1 IMG000137.png 

138 0.984629 -0.025106 0.172190 0.015002 -0.453765 0.616451 -8.679914 1 IMG000138.png 

139 0.983405 -0.019490 0.180359 0.002118 -0.585720 0.684464 -8.715763 1 IMG000139.png 

140 0.984021 -0.000472 0.177570 0.013103 -0.549237 1.050590 -8.749525 1 IMG000140.png 

141 0.983383 -0.004822 0.181009 0.013064 -0.612028 0.978103 -8.817452 1 IMG000141.png 

142 0.983867 -0.004245 0.178474 0.011644 -0.568284 0.984824 -8.871179 1 IMG000142.png 

143 0.983986 0.011340 0.177073 0.016961 -0.552407 1.281063 -8.887817 1 IMG000143.png 

144 0.984049 -0.003983 0.177727 0.006745 -0.548855 0.995249 -8.971710 1 IMG000144.png 

145 0.984122 0.011771 0.176819 0.010047 -0.539443 1.292715 -8.989169 1 IMG000145.png 

146 0.983584 -0.004721 0.180238 0.007448 -0.599545 0.994703 -9.070213 1 IMG000146.png 

147 0.984410 0.001335 0.175187 0.015648 -0.522525 1.130566 -9.111711 1 IMG000147.png 

148 0.984035 -0.005697 0.177512 0.011532 -0.560235 1.000345 -9.173704 1 IMG000148.png 

149 0.984512 -0.016372 0.173564 0.018556 -0.505031 0.827710 -9.259903 1 IMG000149.png 

150 0.984926 -0.013738 0.172427 0.001206 -0.456606 0.846535 -9.311310 1 IMG000150.png 

151 0.984835 -0.007777 0.173294 -0.002947 -0.467540 0.951214 -9.351646 1 IMG000151.png 

152 0.985763 -0.007020 0.167918 0.005043 -0.382521 0.988834 -9.402037 1 IMG000152.png 

153 0.985701 -0.016053 0.167675 0.004643 -0.382799 0.829772 -9.467864 1 IMG000153.png 

154 0.985402 -0.013503 0.169644 0.004592 -0.420439 0.878548 -9.513340 1 IMG000154.png 

155 0.984876 -0.018727 0.172243 0.001115 -0.467067 0.780806 -9.565807 1 IMG000155.png 

156 0.985938 -0.019411 0.165903 0.005056 -0.357367 0.776729 -9.617997 1 IMG000156.png 

157 0.986104 -0.001478 0.166121 0.000727 -0.350803 1.115239 -9.647889 1 IMG000157.png 

158 0.986519 -0.005756 0.163324 0.008478 -0.315047 1.056604 -9.717868 1 IMG000158.png 

159 0.985053 -0.001107 0.172114 0.006811 -0.479460 1.146667 -9.764559 1 IMG000159.png 

160 0.984143 0.007597 0.176978 0.009159 -0.580434 1.329653 -9.801868 1 IMG000160.png 

161 0.984428 -0.002624 0.175469 0.010303 -0.559919 1.143165 -9.891529 1 IMG000161.png 

162 0.984458 -0.005576 0.175453 0.005234 -0.551321 1.083339 -9.963701 1 IMG000162.png 

163 0.984619 -0.004807 0.174577 0.004929 -0.534730 1.103697 -10.010055 1 IMG000163.png 

164 0.984987 -0.001419 0.172609 0.002046 -0.491023 1.176425 -10.070658 1 IMG000164.png 

165 0.985156 -0.010200 0.171333 0.002853 -0.473540 1.009980 -10.151467 1 IMG000165.png 

166 0.985889 -0.011593 0.166935 0.004648 -0.387728 0.994608 -10.222032 1 IMG000166.png 

167 0.985359 -0.017127 0.169627 0.000787 -0.436923 0.877263 -10.276318 1 IMG000167.png 

168 0.985135 -0.003345 0.171744 0.001551 -0.482809 1.168516 -10.310317 1 IMG000168.png 

169 0.985106 -0.003877 0.171826 0.005289 -0.494145 1.175462 -10.355387 1 IMG000169.png 

170 0.984727 -0.012697 0.173623 0.002561 -0.530196 0.987643 -10.430886 1 IMG000170.png 

171 0.984531 -0.000382 0.175105 0.006062 -0.564137 1.257523 -10.460659 1 IMG000171.png 

172 0.984060 0.001507 0.177621 0.008609 -0.623522 1.308478 -10.497059 1 IMG000172.png 

173 0.983916 0.003596 0.178554 0.003885 -0.634642 1.348743 -10.535947 1 IMG000173.png 

174 0.984548 -0.001228 0.175053 0.004478 -0.564424 1.254787 -10.596125 1 IMG000174.png 

175 0.984344 -0.000676 0.176059 0.008323 -0.596526 1.286270 -10.650523 1 IMG000175.png 

176 0.984740 -0.001612 0.173805 0.008760 -0.551012 1.271708 -10.716408 1 IMG000176.png 

177 0.984436 0.002663 0.175600 0.006582 -0.586080 1.368412 -10.768323 1 IMG000177.png 

178 0.984577 -0.006726 0.174509 0.010503 -0.574096 1.182857 -10.839290 1 IMG000178.png 

179 0.984040 -0.015935 0.177202 0.003170 -0.621698 0.966033 -10.914838 1 IMG000179.png 

180 0.984146 -0.000020 0.177316 0.003994 -0.624393 1.323913 -10.944038 1 IMG000180.png 

181 0.984199 -0.011197 0.176712 -0.000353 -0.607637 1.075854 -11.030736 1 IMG000181.png 

182 0.984720 -0.013025 0.173657 -0.000869 -0.542312 1.045184 -11.098778 1 IMG000182.png 

183 0.985303 -0.014967 0.170062 0.005719 -0.476926 1.028307 -11.149125 1 IMG000183.png 

184 0.984799 -0.014325 0.173103 0.000219 -0.535024 1.027613 -11.190655 1 IMG000184.png 

185 0.985595 -0.010958 0.168768 0.000846 -0.437521 1.109073 -11.249107 1 IMG000185.png 

186 0.985546 -0.014977 0.168695 0.004191 -0.447582 1.038515 -11.315353 1 IMG000186.png 

187 0.985461 -0.016616 0.169079 -0.001499 -0.447894 0.988948 -11.362866 1 IMG000187.png 

188 0.986110 -0.010038 0.165789 0.000458 -0.375710 1.148341 -11.394493 1 IMG000188.png 

189 0.985951 -0.009083 0.166789 0.000326 -0.400198 1.172721 -11.436051 1 IMG000189.png 

190 0.985800 -0.009107 0.167639 -0.003573 -0.411732 1.168205 -11.493496 1 IMG000190.png 

191 0.986350 -0.008145 0.164330 0.006576 -0.360419 1.222694 -11.534518 1 IMG000191.png 

192 0.986016 -0.011376 0.166236 0.002866 -0.398238 1.147363 -11.600026 1 IMG000192.png 

193 0.986400 -0.003588 0.164301 0.002878 -0.353811 1.334125 -11.642154 1 IMG000193.png 

194 0.986609 -0.008206 0.162871 0.002714 -0.324235 1.231698 -11.711655 1 IMG000194.png 

195 0.985629 -0.002701 0.168882 0.002532 -0.462797 1.364621 -11.735898 1 IMG000195.png 

196 0.986301 -0.011319 0.164543 0.002642 -0.366490 1.175240 -11.818157 1 IMG000196.png 

197 0.986052 -0.012420 0.165844 0.006599 -0.407598 1.162965 -11.861034 1 IMG000197.png 

198 0.986151 -0.015089 0.165161 0.000064 -0.379657 1.089741 -11.926086 1 IMG000198.png 

199 0.985849 -0.007500 0.167458 0.001873 -0.438761 1.280107 -11.962607 1 IMG000199.png 

200 0.986223 -0.015596 0.164567 0.006185 -0.382845 1.105697 -12.036733 1 IMG000200.png 

201 0.986191 -0.011880 0.165148 0.003401 -0.391981 1.192517 -12.084480 1 IMG000201.png 

202 0.986616 -0.017922 0.161873 0.008102 -0.326745 1.068718 -12.153496 1 IMG000202.png 

203 0.986867 -0.004096 0.161441 0.003641 -0.302644 1.388145 -12.166462 1 IMG000203.png 

204 0.986993 -0.006613 0.160624 0.000619 -0.280259 1.326038 -12.231712 1 IMG000204.png 

205 0.987281 0.002600 0.158904 0.004234 -0.244043 1.567385 -12.263733 1 IMG000205.png 

206 0.986202 -0.001234 0.165533 0.001712 -0.403917 1.478531 -12.329540 1 IMG000206.png 

207 0.986007 -0.012253 0.166022 0.008748 -0.438867 1.233679 -12.395500 1 IMG000207.png 

208 0.985603 -0.012144 0.168503 0.006850 -0.497675 1.239234 -12.436882 1 IMG000208.png 

209 0.985875 -0.019607 0.166146 0.007805 -0.444063 1.060296 -12.496234 1 IMG000209.png 

210 0.985806 -0.014397 0.167221 0.004018 -0.460961 1.180527 -12.529075 1 IMG000210.png 

211 0.985370 -0.007019 0.170269 -0.002112 -0.520042 1.352455 -12.555155 1 IMG000211.png 

212 0.984698 -0.014996 0.173583 0.003602 -0.622939 1.173240 -12.610704 1 IMG000212.png 

213 0.984604 -0.002567 0.174603 0.007909 -0.658810 1.507175 -12.618789 1 IMG000213.png 

214 0.984471 -0.017072 0.174681 0.003484 -0.654493 1.133724 -12.707341 1 IMG000214.png 

215 0.984339 -0.007450 0.175952 0.007879 -0.696160 1.394345 -12.735175 1 IMG000215.png 

216 0.983480 -0.015945 0.180244 0.004929 -0.805538 1.171024 -12.806318 1 IMG000216.png 

217 0.983697 -0.014246 0.179233 0.003671 -0.776111 1.217358 -12.858887 1 IMG000217.png 

218 0.983347 -0.011880 0.181348 0.000627 -0.824047 1.274744 -12.907154 1 IMG000218.png 

219 0.982361 -0.009476 0.186737 -0.002693 -0.955924 1.332048 -12.949340 1 IMG000219.png 

220 0.982773 -0.018321 0.183844 0.004743 -0.907653 1.136187 -13.026626 1 IMG000220.png 

221 0.983149 -0.008512 0.182606 0.000392 -0.861416 1.384747 -13.048329 1 IMG000221.png 

222 0.983167 -0.014030 0.182144 -0.003060 -0.846642 1.236948 -13.115930 1 IMG000222.png 

223 0.983302 -0.019644 0.180693 -0.009008 -0.798451 1.080459 -13.183811 1 IMG000223.png 

224 0.983836 -0.032603 0.175931 -0.007189 -0.686386 0.750156 -13.261638 1 IMG000224.png 

225 0.984492 -0.023831 0.173746 -0.004404 -0.630035 0.991549 -13.286536 1 IMG000225.png 

226 0.984387 -0.020371 0.174672 -0.007580 -0.648055 1.075872 -13.315014 1 IMG000226.png 

227 0.984418 -0.021081 0.174322 -0.009414 -0.635092 1.052748 -13.353275 1 IMG000227.png 

228 0.985349 -0.016184 0.169635 -0.006986 -0.513966 1.196234 -13.390712 1 IMG000228.png 

229 0.985881 -0.015271 0.166638 -0.006171 -0.436039 1.230491 -13.430539 1 IMG000229.png 

230 0.985937 -0.015573 0.166352 -0.003714 -0.435501 1.233451 -13.469714 1 IMG000230.png 

231 0.986546 -0.013862 0.162808 -0.005311 -0.335626 1.277592 -13.508737 1 IMG000231.png 

232 0.986314 -0.012039 0.164434 -0.000855 -0.390614 1.348053 -13.539963 1 IMG000232.png 

233 0.986461 -0.015059 0.163236 -0.004605 -0.351017 1.257085 -13.586858 1 IMG000233.png 

234 0.986564 -0.010549 0.162908 -0.006392 -0.335831 1.377395 -13.614754 1 IMG000234.png 

235 0.986681 -0.009457 0.162254 -0.006755 -0.318863 1.407702 -13.649562 1 IMG000235.png 

236 0.986754 -0.006161 0.162035 -0.004850 -0.317298 1.508645 -13.677960 1 IMG000236.png 

237 0.986425 0.001478 0.163696 -0.012922 -0.335549 1.687997 -13.699457 1 IMG000237.png 

238 0.986336 -0.018124 0.163744 0.000582 -0.387107 1.217179 -13.795587 1 IMG000238.png 

239 0.985755 -0.014603 0.166982 -0.013829 -0.440077 1.261882 -13.830231 1 IMG000239.png 

240 0.984966 -0.007372 0.172412 -0.007824 -0.600792 1.486767 -13.842087 1 IMG000240.png 

241 0.984594 -0.006818 0.174406 -0.010552 -0.650203 1.499574 -13.880302 1 IMG000241.png 

242 0.983557 -0.020054 0.178963 -0.013634 -0.782502 1.132233 -13.950314 1 IMG000242.png 

243 0.984588 -0.024693 0.173114 -0.002980 -0.650095 1.044805 -14.005702 1 IMG000243.png 

244 0.983942 -0.022685 0.176637 -0.011928 -0.728678 1.074845 -14.037134 1 IMG000244.png 

245 0.983282 -0.022727 0.180332 -0.010961 -0.835726 1.079075 -14.058457 1 IMG000245.png 

246 0.982901 -0.021408 0.182702 -0.008164 -0.909970 1.130086 -14.085756 1 IMG000246.png 

247 0.983369 -0.017099 0.180628 -0.008174 -0.849652 1.252691 -14.120625 1 IMG000247.png 

248 0.983036 -0.007649 0.183056 -0.008481 -0.913417 1.521310 -14.132357 1 IMG000248.png 

249 0.983134 -0.008368 0.182647 -0.004099 -0.918158 1.521285 -14.173875 1 IMG000249.png 

250 0.982913 -0.006052 0.183894 -0.005329 -0.950890 1.585328 -14.205317 1 IMG000250.png 

251 0.983407 -0.005269 0.181165 -0.007861 -0.863349 1.604740 -14.250927 1 IMG000251.png 

252 0.983112 -0.004534 0.182795 -0.007551 -0.913178 1.635527 -14.286590 1 IMG000252.png 

253 0.983979 -0.009431 0.177998 -0.003572 -0.792630 1.512773 -14.349994 1 IMG000253.png 

254 0.982773 -0.008585 0.184580 -0.003685 -0.983430 1.541053 -14.378427 1 IMG000254.png 

255 0.982163 -0.009283 0.187774 -0.003272 -1.078981 1.529197 -14.419168 1 IMG000255.png 

256 0.982480 -0.017007 0.185585 0.001367 -1.034481 1.328442 -14.476071 1 IMG000256.png 

257 0.982753 -0.013452 0.184394 -0.003820 -0.984637 1.418057 -14.516303 1 IMG000257.png 

258 0.983148 -0.013221 0.182290 -0.003912 -0.926545 1.433833 -14.561470 1 IMG000258.png 

259 0.983854 -0.015150 0.178323 0.001469 -0.828275 1.398702 -14.612323 1 IMG000259.png 

260 0.983563 -0.012860 0.180079 -0.003136 -0.867042 1.452903 -14.645968 1 IMG000260.png 

261 0.985554 -0.028637 0.166763 0.007300 -0.510704 1.042963 -14.730536 1 IMG000261.png 

262 0.985239 -0.022394 0.168820 0.017400 -0.598795 1.266673 -14.734320 1 IMG000262.png 

263 0.984845 -0.024474 0.171219 0.012896 -0.658681 1.188275 -14.763297 1 IMG000263.png 

264 0.985187 -0.025914 0.169284 0.008812 -0.589879 1.132424 -14.791586 1 IMG000264.png 

265 0.985356 -0.021392 0.169005 0.007308 -0.577630 1.260744 -14.803544 1 IMG000265.png 

266 0.985612 -0.020684 0.167745 0.001852 -0.525678 1.263657 -14.829774 1 IMG000266.png 

267 0.985208 -0.017521 0.170425 0.003737 -0.612281 1.365106 -14.846261 1 IMG000267.png 

268 0.985627 -0.014258 0.168325 0.001573 -0.542760 1.455574 -14.875772 1 IMG000268.png 

269 0.986950 -0.007620 0.160080 0.015688 -0.339171 1.713939 -14.882290 1 IMG000269.png 

270 0.986390 -0.012173 0.162876 0.018919 -0.434381 1.595669 -14.917153 1 IMG000270.png 

271 0.986272 -0.016891 0.163174 0.018903 -0.444146 1.458812 -14.953968 1 IMG000271.png 

272 0.987113 -0.011267 0.158904 0.015174 -0.303875 1.615428 -14.967726 1 IMG000272.png 

273 0.987918 -0.004468 0.154497 0.011310 -0.158465 1.802990 -14.977116 1 IMG000273.png 

274 0.987292 -0.014576 0.157825 0.011581 -0.263026 1.505466 -15.045081 1 IMG000274.png 

275 0.986935 -0.004646 0.160341 0.015096 -0.351112 1.816703 -15.046534 1 IMG000275.png 

276 0.988060 -0.005976 0.153693 0.008956 -0.129718 1.757964 -15.097267 1 IMG000276.png 

277 0.988437 0.002556 0.151551 0.004306 -0.046196 2.000976 -15.108328 1 IMG000277.png 

278 0.986871 -0.015294 0.160468 0.010119 -0.343925 1.494826 -15.200577 1 IMG000278.png 

279 0.986426 -0.018807 0.162649 0.012494 -0.416014 1.402110 -15.238924 1 IMG000279.png 

280 0.983860 -0.029248 0.176177 0.011178 -0.829200 1.082126 -15.283047 1 IMG000280.png 

281 0.983766 -0.029131 0.177032 0.003850 -0.836700 1.063058 -15.314529 1 IMG000281.png 

282 0.982631 -0.034993 0.182175 0.004927 -1.001555 0.890474 -15.347509 1 IMG000282.png 

283 0.982817 -0.034340 0.181250 0.006321 -0.978812 0.918757 -15.374824 1 IMG000283.png 

284 0.983434 -0.031242 0.178052 0.013339 -0.900038 1.040325 -15.399562 1 IMG000284.png 

285 0.984004 -0.027457 0.175854 0.007536 -0.817712 1.136497 -15.431952 1 IMG000285.png 

286 0.985117 -0.017111 0.170540 0.012920 -0.666182 1.479271 -15.439802 1 IMG000286.png 

287 0.984531 -0.023950 0.173563 -0.001405 -0.721526 1.217054 -15.484223 1 IMG000287.png 

288 0.985722 -0.016649 0.167509 0.003884 -0.546422 1.466115 -15.492424 1 IMG000288.png 

289 0.985071 -0.016383 0.171264 0.005947 -0.670513 1.482964 -15.502937 1 IMG000289.png 

290 0.985274 -0.017302 0.170049 0.004446 -0.629135 1.450496 -15.526150 1 IMG000290.png 

291 0.986078 -0.011801 0.165417 0.012166 -0.508388 1.654004 -15.530105 1 IMG000291.png 

292 0.985376 -0.012132 0.169435 0.013376 -0.638498 1.649553 -15.549717 1 IMG000292.png 

293 0.986229 -0.012738 0.164622 0.009494 -0.475475 1.619937 -15.585235 1 IMG000293.png 

294 0.985500 -0.015371 0.168830 0.007006 -0.601807 1.529140 -15.620476 1 IMG000294.png 

295 0.984630 -0.005917 0.174507 0.003918 -0.767348 1.811607 -15.616600 1 IMG000295.png 

296 0.984875 -0.009781 0.172774 0.008632 -0.732325 1.716881 -15.659392 1 IMG000296.png 

297 0.984914 -0.010086 0.172564 0.007989 -0.724105 1.709834 -15.693637 1 IMG000297.png 

298 0.984676 -0.010513 0.173983 0.005655 -0.761356 1.690284 -15.727393 1 IMG000298.png 

299 0.985107 -0.027085 0.169770 0.002911 -0.628515 1.172009 -15.814323 1 IMG000299.png 

300 0.985582 -0.023223 0.167486 0.006081 -0.564408 1.308991 -15.836812 1 IMG000300.png 

301 0.985310 -0.031760 0.167794 -0.000624 -0.559681 1.016530 -15.887371 1 IMG000301.png 

302 0.985443 -0.036656 0.165945 0.004627 -0.517995 0.889447 -15.915302 1 IMG000302.png 

303 0.984718 -0.040146 0.169430 0.003549 -0.626832 0.772867 -15.936889 1 IMG000303.png 

304 0.985766 -0.024056 0.166383 0.001632 -0.518216 1.274786 -15.936075 1 IMG000304.png 

305 0.985594 -0.031054 0.166103 0.007034 -0.528968 1.078787 -15.980156 1 IMG000305.png 

306 0.986310 -0.024384 0.162624 0.012330 -0.432988 1.317973 -15.996910 1 IMG000306.png 

307 0.985903 -0.019355 0.166128 0.004695 -0.521290 1.445443 -16.007610 1 IMG000307.png 

308 0.985976 -0.011936 0.166244 0.008434 -0.534990 1.698582 -16.005888 1 IMG000308.png 

309 0.986595 -0.009518 0.162776 0.006665 -0.417502 1.770343 -16.021213 1 IMG000309.png 

310 0.986786 -0.012885 0.159927 0.022594 -0.383070 1.735805 -16.043550 1 IMG000310.png 

311 0.985921 -0.008730 0.166886 0.005761 -0.547608 1.795862 -16.052645 1 IMG000311.png 

312 0.986763 -0.014268 0.161276 0.009266 -0.380791 1.638068 -16.098100 1 IMG000312.png 

313 0.987256 -0.013598 0.158142 0.011518 -0.288203 1.675461 -16.129247 1 IMG000313.png 

314 0.987455 -0.015843 0.156976 0.006347 -0.233488 1.582364 -16.174156 1 IMG000314.png 

315 0.987454 -0.012089 0.157302 0.006727 -0.246590 1.709849 -16.199274 1 IMG000315.png 

316 0.988083 -0.018126 0.152111 0.015021 -0.107130 1.563367 -16.252501 1 IMG000316.png 

317 0.987264 -0.017280 0.158146 -0.000853 -0.251395 1.517600 -16.285434 1 IMG000317.png 

318 0.985316 -0.029809 0.167960 0.007311 -0.604623 1.152934 -16.334112 1 IMG000318.png 

319 0.984755 -0.021004 0.172607 0.004786 -0.747013 1.429541 -16.337872 1 IMG000319.png 

320 0.984032 -0.025141 0.175726 0.013028 -0.879722 1.330151 -16.370178 1 IMG000320.png 

321 0.983159 -0.025366 0.180653 0.010893 -1.036253 1.315979 -16.401136 1 IMG000321.png 

322 0.982762 -0.011442 0.184501 -0.002543 -1.113683 1.718562 -16.394585 1 IMG000322.png 

323 0.983235 -0.018608 0.180649 0.016378 -1.058192 1.562978 -16.443223 1 IMG000323.png 

324 0.984043 -0.016245 0.177041 0.007224 -0.906065 1.609219 -16.475981 1 IMG000324.png 

325 0.984800 -0.016938 0.172555 0.010388 -0.770161 1.608605 -16.519554 1 IMG000325.png 

326 0.984458 -0.020886 0.173646 0.015938 -0.828612 1.503458 -16.554753 1 IMG000326.png 

327 0.983513 -0.025789 0.178952 0.003599 -0.966069 1.291468 -16.586515 1 IMG000327.png 

328 0.982846 -0.019086 0.183417 0.002809 -1.110410 1.513711 -16.582873 1 IMG000328.png 

329 0.981595 -0.032241 0.188010 0.009216 -1.290838 1.101960 -16.627967 1 IMG000329.png 

330 0.982677 -0.012817 0.184848 0.003518 -1.160217 1.724750 -16.615982 1 IMG000330.png 

331 0.982107 -0.018737 0.187367 0.002807 -1.246168 1.528086 -16.650425 1 IMG000331.png 

332 0.982887 -0.014959 0.183586 -0.002581 -1.097673 1.635737 -16.680021 1 IMG000332.png 

333 0.982675 -0.022680 0.183943 -0.001192 -1.120674 1.391371 -16.727868 1 IMG000333.png 

334 0.983330 -0.024853 0.179944 -0.008062 -0.966229 1.296433 -16.770099 1 IMG000334.png 

335 0.983630 -0.025565 0.178335 0.003859 -0.950216 1.324693 -16.789960 1 IMG000335.png 

336 0.982642 -0.022690 0.183689 -0.012554 -1.078989 1.353356 -16.804546 1 IMG000336.png 

337 0.983216 -0.037824 0.178457 -0.003020 -0.943379 0.889815 -16.868230 1 IMG000337.png 

338 0.983349 -0.035349 0.178252 0.001332 -0.948656 0.992227 -16.887980 1 IMG000338.png 

339 0.984593 -0.030356 0.172204 0.000460 -0.738451 1.155699 -16.911905 1 IMG000339.png 

340 0.984758 -0.020336 0.172730 -0.001638 -0.744876 1.483761 -16.910525 1 IMG000340.png 

341 0.984786 -0.020221 0.172573 -0.002298 -0.738400 1.490247 -16.932602 1 IMG000341.png 

342 0.985642 -0.021864 0.167396 -0.003219 -0.559368 1.434751 -16.964655 1 IMG000342.png 

343 0.984589 -0.032177 0.171840 -0.004497 -0.716328 1.083720 -17.004171 1 IMG000343.png 

344 0.985954 -0.021116 0.165668 0.001877 -0.519339 1.487292 -17.005335 1 IMG000344.png 

345 0.986492 -0.016111 0.162669 -0.010607 -0.370986 1.597711 -17.020844 1 IMG000345.png 

346 0.986435 -0.026887 0.161901 0.003256 -0.398602 1.303468 -17.066308 1 IMG000346.png 

347 0.985740 -0.023513 0.166614 -0.001692 -0.542239 1.396169 -17.078613 1 IMG000347.png 

348 0.984423 -0.023329 0.174258 0.001353 -0.814268 1.418174 -17.088599 1 IMG000348.png 

349 0.982693 -0.017878 0.184199 0.008110 -1.176776 1.630435 -17.072370 1 IMG000349.png 

350 0.980744 -0.017690 0.194488 0.001446 -1.508890 1.611751 -17.075364 1 IMG000350.png 

351 0.977972 -0.010021 0.208348 0.007786 -2.008418 1.896185 -17.022131 1 IMG000351.png 

352 0.977538 -0.025440 0.209068 0.007945 -2.043909 1.375334 -17.089141 1 IMG000352.png 

353 0.977522 -0.031496 0.208144 0.011569 -2.026920 1.181861 -17.126364 1 IMG000353.png 

354 0.979383 -0.024571 0.200461 -0.004568 -1.704820 1.367721 -17.166109 1 IMG000354.png 

355 0.980121 -0.030754 0.195985 -0.002740 -1.561467 1.164591 -17.215513 1 IMG000355.png 

356 0.980057 -0.029361 0.196506 0.003344 -1.599124 1.235933 -17.231711 1 IMG000356.png 

357 0.980224 -0.034794 0.194671 0.007288 -1.551126 1.066639 -17.272381 1 IMG000357.png 

358 0.980018 -0.027716 0.196761 0.008975 -1.628621 1.320666 -17.272257 1 IMG000358.png 

359 0.981232 -0.018451 0.191861 0.005730 -1.443364 1.630427 -17.285814 1 IMG000359.png 

360 0.979954 -0.015552 0.198615 0.000944 -1.661303 1.714772 -17.284314 1 IMG000360.png 

361 0.980442 -0.021273 0.195618 0.003919 -1.570991 1.534001 -17.332277 1 IMG000361.png 

362 0.981514 -0.030835 0.188771 0.006641 -1.345125 1.217584 -17.391143 1 IMG000362.png 

363 0.980707 -0.030238 0.192952 0.008289 -1.498470 1.246000 -17.396224 1 IMG000363.png 

364 0.981501 -0.030317 0.188893 0.007532 -1.353906 1.242682 -17.427938 1 IMG000364.png 

365 0.982495 -0.025826 0.184223 0.009948 -1.196270 1.413186 -17.445272 1 IMG000365.png 

366 0.982470 -0.034490 0.183202 -0.000622 -1.130781 1.071248 -17.497511 1 IMG000366.png 

367 0.982315 -0.029420 0.184908 -0.001238 -1.186087 1.245355 -17.506601 1 IMG000367.png 

368 0.984714 -0.019011 0.173011 -0.006702 -0.740299 1.584878 -17.521282 1 IMG000368.png 

369 0.985929 -0.020505 0.165835 0.004696 -0.529343 1.591123 -17.546658 1 IMG000369.png 

370 0.985960 -0.015971 0.166191 0.003056 -0.533750 1.741237 -17.548185 1 IMG000370.png 

371 0.985415 -0.019147 0.169057 0.003095 -0.637552 1.633094 -17.575681 1 IMG000371.png 

372 0.985586 -0.021297 0.167829 -0.000356 -0.583179 1.545725 -17.605360 1 IMG000372.png 

373 0.984886 -0.022669 0.171714 0.000025 -0.723458 1.501058 -17.619382 1 IMG000373.png 

374 0.984623 -0.030205 0.172003 -0.004429 -0.723982 1.219526 -17.654002 1 IMG000374.png 

375 0.985511 -0.024442 0.167754 -0.005352 -0.565934 1.417905 -17.660013 1 IMG000375.png 

376 0.984663 -0.026597 0.172340 -0.005519 -0.730992 1.343194 -17.674423 1 IMG000376.png 

377 0.985565 -0.023038 0.167663 -0.004518 -0.565997 1.474187 -17.687625 1 IMG000377.png 

378 0.985338 -0.028670 0.168105 0.005313 -0.619359 1.325753 -17.711780 1 IMG000378.png 

379 0.986352 -0.026747 0.162459 0.001226 -0.403202 1.375881 -17.734771 1 IMG000379.png 

380 0.986256 -0.026521 0.163059 0.002745 -0.430444 1.394338 -17.751564 1 IMG000380.png 

381 0.986583 -0.020454 0.161949 -0.002975 -0.366895 1.580624 -17.757681 1 IMG000381.png 

382 0.985750 -0.016170 0.167238 -0.008188 -0.533902 1.707988 -17.760144 1 IMG000382.png 

383 0.986614 -0.021939 0.161532 -0.004444 -0.348452 1.525002 -17.797329 1 IMG000383.png 

384 0.987127 -0.023670 0.158119 -0.004389 -0.228338 1.466256 -17.820185 1 IMG000384.png 

385 0.987384 -0.023481 0.156579 -0.002154 -0.181942 1.487154 -17.835896 1 IMG000385.png 

386 0.986929 -0.030433 0.158253 -0.000425 -0.252264 1.252948 -17.865229 1 IMG000386.png 

387 0.986521 -0.030177 0.160807 0.002723 -0.355439 1.279121 -17.876261 1 IMG000387.png 

388 0.987062 -0.027876 0.157616 0.009399 -0.263041 1.395835 -17.883226 1 IMG000388.png 

389 0.985730 -0.024428 0.166545 -0.001315 -0.545808 1.462431 -17.889645 1 IMG000389.png 

390 0.985631 -0.027704 0.166573 -0.004290 -0.539331 1.334585 -17.922956 1 IMG000390.png 

391 0.986400 -0.024385 0.162535 -0.001887 -0.401747 1.466321 -17.939270 1 IMG000391.png 

392 0.986552 -0.024003 0.161621 0.004132 -0.390436 1.513254 -17.958269 1 IMG000392.png 

393 0.985268 -0.017773 0.170069 -0.002795 -0.666665 1.702794 -17.958074 1 IMG000393.png 

394 0.982395 -0.020343 0.185689 0.002580 -1.254246 1.639229 -17.957091 1 IMG000394.png 

395 0.979839 -0.034798 0.196729 0.001251 -1.660336 1.118572 -17.982564 1 IMG000395.png 

396 0.980841 -0.028883 0.192643 0.002460 -1.511483 1.336978 -17.998214 1 IMG000396.png 

397 0.981498 -0.026122 0.189649 -0.003501 -1.380987 1.413523 -18.023549 1 IMG000397.png 

398 0.982128 -0.031009 0.185635 0.001313 -1.255357 1.261178 -18.063154 1 IMG000398.png 

399 0.981773 -0.033646 0.186928 -0.006842 -1.278951 1.134666 -18.093537 1 IMG000399.png 

400 0.982363 -0.028152 0.184839 -0.002189 -1.214381 1.352755 -18.101030 1 IMG000400.png 

401 0.982414 -0.025422 0.184909 -0.004999 -1.205539 1.440773 -18.110934 1 IMG000401.png 

402 0.982761 -0.025018 0.183159 0.002737 -1.169241 1.491696 -18.121020 1 IMG000402.png 

403 0.982839 -0.030017 0.182004 0.000542 -1.122620 1.302941 -18.148673 1 IMG000403.png 

404 0.983282 -0.031266 0.179240 0.007196 -1.045921 1.290080 -18.166233 1 IMG000404.png 

405 0.982557 -0.034275 0.182720 0.004519 -1.166245 1.169723 -18.177256 1 IMG000405.png 

406 0.983002 -0.032029 0.180772 0.001449 -1.083129 1.238266 -18.186281 1 IMG000406.png 

407 0.983284 -0.028697 0.179705 0.005891 -1.058860 1.379287 -18.188727 1 IMG000407.png 

408 0.982997 -0.025000 0.181871 0.003790 -1.129841 1.504233 -18.187237 1 IMG000408.png 

409 0.983074 -0.020135 0.182093 0.001624 -1.126635 1.670394 -18.185370 1 IMG000409.png 

410 0.983758 -0.021522 0.178168 0.003735 -0.991458 1.632455 -18.213131 1 IMG000410.png 

411 0.983625 -0.017367 0.179377 0.001978 -1.027778 1.776321 -18.217208 1 IMG000411.png 

412 0.984594 -0.009912 0.174258 0.010506 -0.871554 2.088657 -18.213378 1 IMG000412.png 

413 0.984440 -0.012881 0.174568 0.015440 -0.905430 2.007158 -18.239978 1 IMG000413.png 

414 0.984604 -0.014949 0.173652 0.013280 -0.863661 1.926563 -18.270823 1 IMG000414.png 

415 0.984607 -0.019671 0.173277 0.011714 -0.844350 1.751300 -18.306558 1 IMG000415.png 

416 0.984290 -0.027062 0.174079 0.011734 -0.876899 1.485296 -18.355261 1 IMG000416.png 

417 0.984088 -0.032458 0.174538 0.007360 -0.879285 1.271702 -18.394778 1 IMG000417.png 

418 0.984323 -0.031506 0.173502 0.003616 -0.827627 1.290914 -18.416089 1 IMG000418.png 

419 0.985068 -0.037459 0.168000 0.003791 -0.626494 1.078908 -18.457132 1 IMG000419.png 

420 0.984836 -0.029859 0.170879 -0.002557 -0.708188 1.326441 -18.461836 1 IMG000420.png 

421 0.984459 -0.029759 0.173054 0.002575 -0.808001 1.357142 -18.477361 1 IMG000421.png 

422 0.984648 -0.031574 0.171615 0.004336 -0.761592 1.301557 -18.506241 1 IMG000422.png 

423 0.984437 -0.033175 0.172573 -0.001049 -0.780016 1.218915 -18.523932 1 IMG000423.png 

424 0.983296 -0.034023 0.178673 -0.006874 -0.990032 1.161270 -18.533488 1 IMG000424.png 

425 0.984983 -0.023590 0.171026 0.001750 -0.727585 1.586822 -18.527668 1 IMG000425.png 

426 0.984095 -0.025893 0.175677 -0.004906 -0.878991 1.470809 -18.543799 1 IMG000426.png 

427 0.984599 -0.019459 0.173659 -0.005348 -0.796394 1.706579 -18.541097 1 IMG000427.png 

428 0.984917 -0.023472 0.171412 -0.002453 -0.726936 1.574515 -18.568980 1 IMG000428.png 

429 0.984911 -0.022950 0.171422 -0.006232 -0.712570 1.577075 -18.584323 1 IMG000429.png 

430 0.985392 -0.019538 0.169164 -0.002083 -0.641363 1.724317 -18.589768 1 IMG000430.png 

431 0.985234 -0.005485 0.171029 -0.005752 -0.684732 2.224690 -18.551754 1 IMG000431.png 

432 0.986012 -0.009352 0.166411 0.000769 -0.543717 2.117327 -18.584396 1 IMG000432.png 

433 0.985677 -0.021263 0.167275 0.002845 -0.592230 1.690963 -18.641260 1 IMG000433.png 

434 0.985139 -0.024020 0.169948 -0.006486 -0.659274 1.545248 -18.666247 1 IMG000434.png 

435 0.984942 -0.026606 0.170568 -0.009410 -0.674876 1.437688 -18.691796 1 IMG000435.png 

436 0.984297 -0.034418 0.172324 -0.016685 -0.725570 1.114610 -18.729339 1 IMG000436.png 

437 0.985193 -0.032468 0.167864 -0.012708 -0.568408 1.207162 -18.743970 1 IMG000437.png 

438 0.984723 -0.037661 0.169593 -0.011811 -0.642835 1.022195 -18.768026 1 IMG000438.png 

439 0.984628 -0.038847 0.170109 -0.007871 -0.676887 0.998431 -18.786321 1 IMG000439.png 

440 0.984507 -0.038118 0.170862 -0.009972 -0.698028 1.017426 -18.802049 1 IMG000440.png 

441 0.984082 -0.030010 0.174535 -0.014842 -0.813700 1.297853 -18.797469 1 IMG000441.png 

442 0.984466 -0.025541 0.173427 -0.009878 -0.784721 1.489268 -18.800078 1 IMG000442.png 

443 0.984030 -0.021168 0.176600 -0.006983 -0.912178 1.668641 -18.796026 1 IMG000443.png 

444 0.984585 -0.015266 0.174198 -0.003808 -0.829092 1.906657 -18.799319 1 IMG000444.png 

445 0.984254 -0.015285 0.176084 -0.002035 -0.908396 1.914825 -18.809507 1 IMG000445.png 

446 0.982447 -0.013517 0.186051 0.000380 -1.296174 1.994436 -18.797187 1 IMG000446.png 

447 0.981961 -0.012770 0.188638 -0.002498 -1.381780 2.012951 -18.807788 1 IMG000447.png 

448 0.978455 -0.013301 0.205973 0.004927 -2.074506 2.023648 -18.758590 1 IMG000448.png 

449 0.977216 -0.021189 0.211186 -0.001015 -2.255508 1.706899 -18.782575 1 IMG000449.png 

450 0.975545 -0.022328 0.218552 0.006887 -2.569110 1.691025 -18.757537 1 IMG000450.png 

451 0.975392 -0.019290 0.219557 0.005754 -2.601551 1.803250 -18.757252 1 IMG000451.png 

452 0.974954 -0.019899 0.221328 0.009110 -2.685502 1.791583 -18.761366 1 IMG000452.png 

453 0.973055 -0.039421 0.227168 0.002327 -2.897097 1.034052 -18.801946 1 IMG000453.png 

454 0.974717 -0.034309 0.220763 0.003691 -2.653258 1.235069 -18.837979 1 IMG000454.png 

455 0.975638 -0.032622 0.216800 0.007961 -2.516540 1.315349 -18.864687 1 IMG000455.png 

456 0.976838 -0.026098 0.212366 -0.002500 -2.303703 1.529600 -18.890814 1 IMG000456.png 

457 0.979708 -0.029589 0.198210 -0.003026 -1.762179 1.396458 -18.973517 1 IMG000457.png 

458 0.980996 -0.031520 0.191449 -0.000102 -1.515146 1.337021 -19.009461 1 IMG000458.png 

459 0.982223 -0.031074 0.185098 -0.003200 -1.260323 1.342707 -19.040621 1 IMG000459.png 

460 0.981301 -0.033879 0.189468 0.001784 -1.448689 1.259106 -19.044567 1 IMG000460.png 

461 0.982487 -0.025686 0.184547 -0.001701 -1.240589 1.555541 -19.046621 1 IMG000461.png 

462 0.982404 -0.025580 0.184989 0.002521 -1.274392 1.579465 -19.047877 1 IMG000462.png 

463 0.982592 -0.030425 0.183259 0.001533 -1.207552 1.392292 -19.072701 1 IMG000463.png 

464 0.983161 -0.027564 0.180646 -0.001240 -1.094768 1.488833 -19.081635 1 IMG000464.png 

465 0.983045 -0.024257 0.181738 -0.002256 -1.130578 1.610386 -19.081969 1 IMG000465.png 

466 0.983403 -0.022919 0.179939 -0.003954 -1.054427 1.653610 -19.097998 1 IMG000466.png 

467 0.985032 -0.019031 0.171123 0.008142 -0.762820 1.865165 -19.113426 1 IMG000467.png 

468 0.986742 -0.014088 0.161575 0.005885 -0.383051 2.045476 -19.124214 1 IMG000468.png 

469 0.986617 -0.012199 0.162596 0.000019 -0.395019 2.086878 -19.135890 1 IMG000469.png 

470 0.987855 -0.011866 0.154923 -0.000746 -0.095838 2.098059 -19.153891 1 IMG000470.png 

471 0.988256 -0.016929 0.151868 0.000442 0.013137 1.916039 -19.188516 1 IMG000471.png 

472 0.987822 -0.026422 0.153207 -0.006041 -0.019786 1.520586 -19.235501 1 IMG000472.png 

473 0.988270 -0.032199 0.149115 -0.007112 0.137796 1.296383 -19.263148 1 IMG000473.png 

474 0.988834 -0.033318 0.145244 0.001069 0.256299 1.305874 -19.276650 1 IMG000474.png 

475 0.987763 -0.035114 0.151940 0.002518 -0.009054 1.247235 -19.298239 1 IMG000475.png 

476 0.986546 -0.039066 0.158684 0.004472 -0.279890 1.105456 -19.321774 1 IMG000476.png 

477 0.987386 -0.033441 0.154716 -0.003668 -0.094616 1.276902 -19.331006 1 IMG000477.png 

478 0.987061 -0.031540 0.157070 -0.006705 -0.174135 1.332938 -19.340110 1 IMG000478.png 

479 0.986629 -0.035259 0.158791 -0.010259 -0.232332 1.172263 -19.360513 1 IMG000479.png 

480 0.986881 -0.038483 0.156570 -0.008436 -0.155724 1.061885 -19.383922 1 IMG000480.png 

481 0.986960 -0.034881 0.156346 -0.015779 -0.118342 1.155677 -19.371068 1 IMG000481.png 

482 0.987414 -0.036816 0.153357 -0.011840 -0.017485 1.104798 -19.380611 1 IMG000482.png 

483 0.988190 -0.035391 0.149070 -0.002595 0.118302 1.214966 -19.383088 1 IMG000483.png 

484 0.988131 -0.034373 0.149699 0.002584 0.074731 1.285965 -19.392144 1 IMG000484.png 

485 0.988458 -0.034413 0.147299 0.008296 0.146666 1.320381 -19.406048 1 IMG000485.png 

486 0.989074 -0.022217 0.145677 -0.004241 0.265429 1.712518 -19.391216 1 IMG000486.png 

487 0.988834 -0.021198 0.147388 -0.005868 0.204841 1.743537 -19.405631 1 IMG000487.png 

488 0.990109 -0.015295 0.139448 -0.001941 0.502266 1.995215 -19.391812 1 IMG000488.png 

489 0.990509 -0.009621 0.137019 -0.005090 0.614539 2.194465 -19.381454 1 IMG000489.png 

490 0.990446 -0.017422 0.136799 0.000196 0.593736 1.933391 -19.422834 1 IMG000490.png 

491 0.989838 -0.018648 0.140966 0.001256 0.426238 1.893884 -19.444622 1 IMG000491.png 

492 0.987774 -0.020178 0.154579 -0.000268 -0.101032 1.826262 -19.468934 1 IMG000492.png 

493 0.984887 -0.032506 0.170115 0.001151 -0.723394 1.358651 -19.506620 1 IMG000493.png 

494 0.982845 -0.028249 0.181651 -0.014832 -1.113839 1.445307 -19.497056 1 IMG000494.png 

495 0.981015 -0.043949 0.188878 0.001771 -1.471478 0.918358 -19.519693 1 IMG000495.png 

496 0.981232 -0.034555 0.189710 -0.000469 -1.490825 1.272691 -19.513668 1 IMG000496.png 

497 0.980646 -0.037308 0.192140 -0.004834 -1.574697 1.147864 -19.532035 1 IMG000497.png 

498 0.982049 -0.032410 0.185815 -0.001652 -1.331596 1.354652 -19.553218 1 IMG000498.png 

499 0.980892 -0.030698 0.191877 -0.009576 -1.541124 1.387603 -19.548703 1 IMG000499.png 

500 0.980282 -0.024624 0.195647 -0.012794 -1.671742 1.612035 -19.530853 1 IMG000500.png 

501 0.981481 -0.023179 0.190144 -0.001710 -1.496700 1.717071 -19.546004 1 IMG000501.png 

502 0.982669 -0.024038 0.183804 -0.000546 -1.251992 1.689804 -19.573919 1 IMG000502.png 

503 0.981195 -0.020471 0.191920 -0.002253 -1.563359 1.821919 -19.545312 1 IMG000503.png 

504 0.982886 -0.019233 0.182842 -0.011607 -1.164468 1.825184 -19.581937 1 IMG000504.png 

505 0.983162 -0.024604 0.181061 0.002175 -1.155807 1.683462 -19.605770 1 IMG000505.png 

506 0.983649 -0.025796 0.178151 -0.005547 -1.010982 1.600546 -19.632643 1 IMG000506.png 

507 0.984919 -0.020517 0.171790 0.000979 -0.781682 1.840441 -19.636016 1 IMG000507.png 

508 0.984305 -0.010409 0.176114 -0.004292 -0.922137 2.208065 -19.607217 1 IMG000508.png 

509 0.985532 -0.015525 0.168754 -0.002912 -0.641292 2.018056 -19.653814 1 IMG000509.png 

510 0.985522 -0.010418 0.169039 0.008002 -0.698565 2.278024 -19.639649 1 IMG000510.png 

511 0.984916 -0.014775 0.172332 -0.004897 -0.773333 2.043013 -19.677990 1 IMG000511.png 

512 0.984302 -0.043090 0.171111 0.003792 -0.780276 0.982327 -19.777485 1 IMG000512.png 

513 0.982668 -0.057506 0.176012 0.008772 -0.999215 0.436722 -19.783584 1 IMG000513.png 

