IMG000000.png 0.022001 -0.025000 -0.109000 
IMG000001.png 0.002703 -0.013838 -0.144379 
IMG000002.png 0.058346 -0.032910 -0.170654 
IMG000003.png 0.100770 -0.026721 -0.187983 
IMG000004.png 0.192932 -0.076341 -0.214295 
IMG000005.png 0.371122 -0.119195 -0.219342 
IMG000006.png 0.541122 -0.151020 -0.201000 
IMG000007.png 0.581198 -0.154110 -0.204659 
IMG000008.png 0.607666 -0.176381 -0.186381 
IMG000009.png 0.978215 -0.227453 -0.212072 
IMG000010.png 1.052227 -0.246245 -0.194264 
IMG000011.png 1.084101 -0.250236 -0.188843 
IMG000012.png 1.202846 -0.286616 -0.236692 
IMG000013.png 1.208280 -0.298699 -0.244280 
IMG000014.png 1.276281 -0.317427 -0.244000 
IMG000015.png 1.407573 -0.399715 -0.237429 
IMG000016.png 1.488955 -0.438239 -0.248119 
IMG000017.png 1.520136 -0.447379 -0.259568 
IMG000018.png 1.641143 -0.516889 -0.266191 
IMG000019.png 1.691673 -0.558122 -0.258306 
IMG000020.png 1.727342 -0.572171 -0.270228 
IMG000021.png 1.771202 -0.611403 -0.270050 
IMG000022.png 1.798575 -0.638472 -0.273519 
IMG000023.png 1.823383 -0.671763 -0.282048 
IMG000024.png 1.873982 -0.739979 -0.298000 
IMG000025.png 1.916456 -0.796017 -0.295144 
IMG000026.png 1.965166 -0.860578 -0.317804 
IMG000027.png 2.032899 -0.915248 -0.308974 
IMG000028.png 2.100056 -0.977153 -0.297646 
IMG000029.png 2.179229 -1.025165 -0.262506 
IMG000030.png 2.254689 -1.135392 -0.271926 
IMG000031.png 2.325992 -1.214968 -0.290713 
IMG000032.png 2.383284 -1.305039 -0.300633 
IMG000033.png 2.463598 -1.371958 -0.301435 
IMG000034.png 2.610769 -1.567777 -0.306111 
IMG000035.png 2.669424 -1.669130 -0.299000 
IMG000036.png 2.699770 -1.807412 -0.334128 
IMG000037.png 2.748488 -1.903383 -0.335081 
IMG000038.png 2.770540 -1.977926 -0.345077 
IMG000039.png 2.801347 -2.048317 -0.322218 
IMG000040.png 2.842715 -2.151432 -0.341382 
IMG000041.png 2.889309 -2.268926 -0.369460 
IMG000042.png 2.926495 -2.410940 -0.344982 
IMG000043.png 2.989230 -2.536460 -0.361852 
IMG000044.png 3.036318 -2.676727 -0.359364 
IMG000045.png 3.058461 -2.779537 -0.364693 
IMG000046.png 3.083802 -2.858703 -0.370802 
IMG000047.png 3.123733 -2.983367 -0.390533 
IMG000048.png 3.148826 -3.079773 -0.400703 
IMG000049.png 3.184611 -3.228748 -0.386897 
IMG000050.png 3.242911 -3.385279 -0.378815 
IMG000051.png 3.290003 -3.523007 -0.396997 
IMG000052.png 3.342291 -3.645534 -0.407903 
IMG000053.png 3.396331 -3.743775 -0.409444 
IMG000054.png 3.404481 -3.776973 -0.394497 
IMG000055.png 3.471944 -3.852803 -0.399493 
IMG000056.png 3.537592 -3.957142 -0.404225 
IMG000057.png 3.642232 -4.053232 -0.402043 
IMG000058.png 3.780905 -4.165574 -0.425779 
IMG000059.png 3.937658 -4.305255 -0.416700 
IMG000060.png 4.093291 -4.470912 -0.413689 
IMG000061.png 4.195450 -4.594068 -0.426127 
IMG000062.png 4.281678 -4.721498 -0.453019 
IMG000063.png 4.362720 -4.883117 -0.446774 
IMG000064.png 4.444143 -5.051428 -0.426612 
IMG000065.png 4.508502 -5.171705 -0.449300 
IMG000066.png 4.565011 -5.312654 -0.466000 
IMG000067.png 4.630531 -5.480234 -0.476672 
IMG000068.png 4.725858 -5.682222 -0.472869 
IMG000069.png 4.813335 -5.826836 -0.469667 
IMG000070.png 4.911463 -5.988503 -0.442172 
IMG000071.png 5.023368 -6.170888 -0.471875 
IMG000072.png 5.084730 -6.365443 -0.437254 
IMG000073.png 5.148600 -6.587928 -0.473602 
IMG000074.png 5.148467 -6.773077 -0.455102 
IMG000075.png 5.117239 -6.937554 -0.440761 
IMG000076.png 5.125712 -7.106666 -0.418152 
IMG000077.png 5.096757 -7.218360 -0.393751 
IMG000078.png 5.068225 -7.320681 -0.396096 
IMG000079.png 5.043735 -7.413479 -0.376949 
IMG000080.png 5.001036 -7.511736 -0.389000 
IMG000081.png 4.960925 -7.582073 -0.378230 
IMG000082.png 4.912961 -7.686826 -0.384495 
IMG000083.png 4.804630 -7.840160 -0.364378 
IMG000084.png 4.770886 -7.890171 -0.381714 
IMG000085.png 4.719887 -7.948469 -0.358933 
IMG000086.png 4.578105 -8.078959 -0.360511 
IMG000087.png 4.489621 -8.184643 -0.348054 
IMG000088.png 4.348368 -8.311508 -0.360521 
IMG000089.png 4.193378 -8.465337 -0.344402 
IMG000090.png 4.025377 -8.613344 -0.330227 
IMG000091.png 3.885246 -8.745754 -0.338749 
IMG000092.png 3.716140 -8.889177 -0.334459 
IMG000093.png 3.549783 -9.023486 -0.338830 
IMG000094.png 3.361958 -9.140707 -0.324722 
IMG000095.png 3.177600 -9.300075 -0.304950 
IMG000096.png 2.940554 -9.431877 -0.288692 
IMG000097.png 2.730153 -9.559056 -0.286751 
IMG000098.png 2.541339 -9.709661 -0.292505 
IMG000099.png 2.311295 -9.840676 -0.319912 
IMG000100.png 2.095694 -9.965072 -0.323746 
IMG000101.png 1.897181 -10.085559 -0.314521 
IMG000102.png 1.675535 -10.187619 -0.358443 
IMG000103.png 1.478346 -10.337410 -0.333132 
IMG000104.png 1.236243 -10.488720 -0.335647 
IMG000105.png 1.013693 -10.629896 -0.329397 
IMG000106.png 0.759025 -10.825086 -0.341935 
IMG000107.png 0.518838 -11.063622 -0.318676 
IMG000108.png 0.336766 -11.257938 -0.316722 
IMG000109.png 0.160417 -11.488057 -0.321407 
IMG000110.png -0.053188 -11.798970 -0.286312 
IMG000111.png -0.221589 -12.044801 -0.285655 
IMG000112.png -0.328300 -12.302820 -0.280000 
IMG000113.png -0.437452 -12.552109 -0.269516 
IMG000114.png -0.571950 -12.795140 -0.241975 
IMG000115.png -0.648758 -13.079016 -0.260030 
IMG000116.png -0.714410 -13.271951 -0.265566 
IMG000117.png -0.802267 -13.493780 -0.265759 
IMG000118.png -0.907117 -13.669921 -0.275915 
IMG000119.png -1.021497 -13.845658 -0.274226 
IMG000120.png -1.164669 -14.066542 -0.253696 
IMG000121.png -1.336610 -14.248276 -0.255363 
IMG000122.png -1.564526 -14.456097 -0.246926 
IMG000123.png -1.788708 -14.644401 -0.248700 
IMG000124.png -2.025786 -14.825259 -0.253948 
IMG000125.png -2.312293 -15.013254 -0.263000 
IMG000126.png -2.487138 -15.108056 -0.264026 
IMG000127.png -2.690676 -15.218529 -0.263382 
IMG000128.png -2.833279 -15.273639 -0.256454 
IMG000129.png -2.970299 -15.356474 -0.260670 
IMG000130.png -3.111578 -15.444243 -0.255523 
IMG000131.png -3.281535 -15.547267 -0.256186 
IMG000132.png -3.462126 -15.656771 -0.240846 
IMG000133.png -3.665371 -15.812035 -0.236335 
IMG000134.png -3.839932 -15.970205 -0.218477 
IMG000135.png -3.961723 -16.158389 -0.200000 
IMG000136.png -4.113881 -16.343531 -0.176721 
IMG000137.png -4.313478 -16.537335 -0.177444 
IMG000138.png -4.478635 -16.705739 -0.164000 
IMG000139.png -4.667474 -16.850737 -0.168030 
IMG000140.png -4.877662 -17.007873 -0.168596 
IMG000141.png -5.104776 -17.093021 -0.152102 
IMG000142.png -5.342505 -17.202777 -0.149875 
IMG000143.png -5.568652 -17.342909 -0.119293 
IMG000144.png -5.800138 -17.461726 -0.119314 
IMG000145.png -5.976478 -17.596551 -0.127536 
IMG000146.png -6.151960 -17.749280 -0.110800 
IMG000147.png -6.289127 -17.918117 -0.108007 
IMG000148.png -6.445946 -18.068948 -0.100009 
IMG000149.png -6.582891 -18.238736 -0.110036 
IMG000150.png -6.683246 -18.410435 -0.077151 
IMG000151.png -6.805506 -18.595556 -0.050756 
IMG000152.png -6.960934 -18.750934 -0.044213 
IMG000153.png -7.059834 -18.907592 -0.047076 
IMG000154.png -7.202135 -19.036370 -0.056231 
IMG000155.png -7.309805 -19.177292 -0.045682 
IMG000156.png -7.412660 -19.312884 -0.045945 
IMG000157.png -7.559064 -19.427376 -0.048406 
IMG000158.png -7.671439 -19.551171 -0.031292 
IMG000159.png -7.827664 -19.654998 -0.037607 
IMG000160.png -7.988802 -19.790961 -0.065640 
IMG000161.png -8.216725 -19.905731 -0.052043 
IMG000162.png -8.404816 -20.034428 -0.065665 
IMG000163.png -8.611339 -20.168404 -0.073000 
IMG000164.png -8.811838 -20.348347 -0.065039 
IMG000165.png -9.003852 -20.504792 -0.049358 
IMG000166.png -9.164573 -20.670885 -0.049000 
IMG000167.png -9.287179 -20.816769 -0.022754 
IMG000168.png -9.406308 -20.968974 -0.018000 
IMG000169.png -9.524878 -21.108810 -0.027027 
IMG000170.png -9.609206 -21.222300 -0.019991 
IMG000171.png -9.732927 -21.377967 -0.025202 
IMG000172.png -9.853241 -21.489523 -0.021070 
IMG000173.png -9.987863 -21.627545 -0.031181 
IMG000174.png -10.145787 -21.753835 -0.030076 
IMG000175.png -10.327000 -21.870500 -0.031947 
IMG000176.png -10.503189 -21.976637 -0.023404 
IMG000177.png -10.682637 -22.089952 -0.027178 
IMG000178.png -10.897135 -22.206372 -0.029130 
IMG000179.png -11.090817 -22.348230 -0.012220 
IMG000180.png -11.257544 -22.458165 -0.026567 
IMG000181.png -11.426135 -22.585130 -0.017040 
IMG000182.png -11.581191 -22.718461 -0.035106 
IMG000183.png -11.723594 -22.844282 -0.027258 
IMG000184.png -11.865250 -22.979077 -0.029231 
IMG000185.png -11.973154 -23.102974 -0.002000 
IMG000186.png -12.104953 -23.225225 -0.019213 
IMG000187.png -12.239347 -23.328261 -0.011000 
IMG000188.png -12.406759 -23.443616 -0.011868 
IMG000189.png -12.562126 -23.511388 -0.011860 
IMG000190.png -12.709028 -23.564406 -0.018000 
IMG000191.png -12.859784 -23.613698 -0.013306 
IMG000192.png -12.980591 -23.627599 -0.001000 
IMG000193.png -13.096281 -23.624876 -0.009744 
IMG000194.png -13.248660 -23.603371 -0.007134 
IMG000195.png -13.363760 -23.570127 -0.036139 
IMG000196.png -13.483926 -23.531735 -0.031838 
IMG000197.png -13.588743 -23.497365 -0.039000 
IMG000198.png -13.671987 -23.457566 -0.027470 
IMG000199.png -13.791801 -23.412892 -0.025238 
IMG000200.png -13.875750 -23.362500 -0.030375 
IMG000201.png -13.969016 -23.310735 -0.041051 
IMG000202.png -14.042658 -23.261264 -0.020216 
IMG000203.png -14.132906 -23.210460 -0.010982 
IMG000204.png -14.241375 -23.137900 -0.017322 
IMG000205.png -14.344494 -23.074182 -0.022916 
IMG000206.png -14.460999 -22.986043 -0.025936 
IMG000207.png -14.558977 -22.906905 -0.041225 
IMG000208.png -14.646506 -22.844751 -0.018963 
IMG000209.png -14.752559 -22.752828 -0.023202 
IMG000210.png -14.839530 -22.668291 -0.040020 
IMG000211.png -14.929091 -22.576909 -0.047626 
IMG000212.png -15.026731 -22.461186 -0.054519 
IMG000213.png -15.124132 -22.328737 -0.070218 
IMG000214.png -15.238669 -22.203598 -0.076734 
IMG000215.png -15.349674 -22.045853 -0.084189 
IMG000216.png -15.454351 -21.912309 -0.107815 
IMG000217.png -15.567731 -21.742120 -0.108718 
IMG000218.png -15.685019 -21.576638 -0.115000 
IMG000219.png -15.780563 -21.410743 -0.125551 
IMG000220.png -15.887587 -21.245002 -0.143824 
IMG000221.png -16.015436 -21.051242 -0.154220 
IMG000222.png -16.098244 -20.887179 -0.165911 
IMG000223.png -16.189185 -20.731037 -0.170994 
IMG000224.png -16.275498 -20.573018 -0.173371 
IMG000225.png -16.348870 -20.390213 -0.176659 
IMG000226.png -16.417254 -20.239967 -0.194536 
IMG000227.png -16.498806 -20.066208 -0.203171 
IMG000228.png -16.536702 -19.902175 -0.222636 
IMG000229.png -16.593570 -19.722347 -0.232262 
IMG000230.png -16.634071 -19.530547 -0.243328 
IMG000231.png -16.681674 -19.344052 -0.249955 
IMG000232.png -16.714266 -19.148616 -0.252718 
IMG000233.png -16.744330 -18.939718 -0.269670 
IMG000234.png -16.759573 -18.732042 -0.298191 
IMG000235.png -16.761166 -18.501468 -0.282834 
IMG000236.png -16.733313 -18.289157 -0.306750 
IMG000237.png -16.721967 -18.091473 -0.301627 
IMG000238.png -16.720960 -17.927005 -0.302305 
IMG000239.png -16.680979 -17.786688 -0.333901 
IMG000240.png -16.638693 -17.617332 -0.362190 
IMG000241.png -16.615431 -17.464711 -0.351032 
IMG000242.png -16.559568 -17.287488 -0.360961 
IMG000243.png -16.494394 -17.138642 -0.371798 
IMG000244.png -16.452137 -16.965395 -0.350341 
IMG000245.png -16.395663 -16.795879 -0.341556 
IMG000246.png -16.323308 -16.626067 -0.360753 
IMG000247.png -16.258012 -16.417036 -0.379049 
IMG000248.png -16.169439 -16.207097 -0.399927 
IMG000249.png -16.098786 -16.019210 -0.419383 
IMG000250.png -16.028947 -15.848427 -0.420236 
IMG000251.png -15.945555 -15.635032 -0.400441 
IMG000252.png -15.844080 -15.449727 -0.410000 
IMG000253.png -15.753762 -15.261872 -0.409354 
IMG000254.png -15.632935 -15.106302 -0.396417 
IMG000255.png -15.531650 -14.942047 -0.399664 
IMG000256.png -15.409488 -14.794381 -0.407298 
IMG000257.png -15.294504 -14.649976 -0.412153 
IMG000258.png -15.139786 -14.506502 -0.429364 
IMG000259.png -15.020763 -14.386388 -0.425417 
IMG000260.png -14.862889 -14.279464 -0.459229 
IMG000261.png -14.709821 -14.178869 -0.501754 
IMG000262.png -14.539892 -14.039969 -0.483252 
IMG000263.png -14.379091 -13.934377 -0.491505 
IMG000264.png -14.200446 -13.760162 -0.460000 
IMG000265.png -14.046046 -13.614811 -0.454236 
IMG000266.png -13.865576 -13.406875 -0.465106 
IMG000267.png -13.738838 -13.241138 -0.478775 
IMG000268.png -13.618772 -13.078727 -0.508394 
IMG000269.png -13.488226 -12.901475 -0.468682 
IMG000270.png -13.364744 -12.708149 -0.497936 
IMG000271.png -13.229537 -12.461147 -0.477488 
IMG000272.png -13.127821 -12.279132 -0.492498 
IMG000273.png -13.035249 -12.055864 -0.478952 
IMG000274.png -12.948008 -11.901772 -0.496840 
IMG000275.png -12.873609 -11.731273 -0.509691 
IMG000276.png -12.794207 -11.514641 -0.509267 
IMG000277.png -12.707394 -11.328168 -0.550139 
IMG000278.png -12.624268 -11.128586 -0.499927 
IMG000279.png -12.540707 -10.981691 -0.541758 
IMG000280.png -12.424272 -10.820520 -0.493941 
IMG000281.png -12.316924 -10.655521 -0.517612 
IMG000282.png -12.195032 -10.523530 -0.517822 
IMG000283.png -12.075634 -10.388866 -0.533955 
IMG000284.png -11.974844 -10.301955 -0.539400 
IMG000285.png -11.853732 -10.211692 -0.526085 
IMG000286.png -11.736038 -10.137763 -0.515341 
IMG000287.png -11.620643 -10.071160 -0.529594 
IMG000288.png -11.502723 -9.993984 -0.524960 
IMG000289.png -11.370700 -9.917072 -0.535703 
IMG000290.png -11.188080 -9.832461 -0.544794 
IMG000291.png -11.020983 -9.734711 -0.561000 
IMG000292.png -10.842339 -9.613071 -0.551000 
IMG000293.png -10.653487 -9.473804 -0.543439 
IMG000294.png -10.506415 -9.354751 -0.571232 
IMG000295.png -10.388579 -9.219870 -0.585742 
IMG000296.png -10.279681 -9.085159 -0.611830 
IMG000297.png -10.148619 -8.941976 -0.592356 
IMG000298.png -10.054825 -8.811700 -0.613025 
IMG000299.png -9.959608 -8.657241 -0.617196 
IMG000300.png -9.877292 -8.514068 -0.646484 
IMG000301.png -9.815599 -8.374521 -0.652708 
IMG000302.png -9.739628 -8.224958 -0.654297 
IMG000303.png -9.659409 -8.048862 -0.648910 
IMG000304.png -9.560123 -7.882450 -0.653267 
IMG000305.png -9.453284 -7.688955 -0.643776 
IMG000306.png -9.322212 -7.545537 -0.641974 
IMG000307.png -9.203329 -7.429533 -0.628184 
IMG000308.png -9.057449 -7.319435 -0.626191 
IMG000309.png -8.921239 -7.220310 -0.619690 
IMG000310.png -8.751866 -7.143352 -0.623676 
IMG000311.png -8.629711 -7.099883 -0.630941 
IMG000312.png -8.463846 -7.065292 -0.637292 
IMG000313.png -8.343147 -7.043286 -0.626715 
IMG000314.png -8.187194 -7.020895 -0.645484 
IMG000315.png -8.025613 -7.022783 -0.627482 
IMG000316.png -7.892237 -7.036975 -0.631013 
IMG000317.png -7.729424 -7.041230 -0.651918 
IMG000318.png -7.568686 -7.053402 -0.623904 
IMG000319.png -7.422342 -7.099115 -0.636000 
IMG000320.png -7.221290 -7.147989 -0.641175 
IMG000321.png -7.044843 -7.244489 -0.650462 
IMG000322.png -6.870332 -7.332554 -0.659238 
IMG000323.png -6.688074 -7.449522 -0.649000 
IMG000324.png -6.520791 -7.588468 -0.651226 
IMG000325.png -6.374158 -7.714258 -0.648032 
IMG000326.png -6.242578 -7.876914 -0.624508 
IMG000327.png -6.086276 -8.031116 -0.613069 
IMG000328.png -5.953329 -8.208448 -0.602904 
IMG000329.png -5.767282 -8.405274 -0.604270 
IMG000330.png -5.633230 -8.549823 -0.589785 
IMG000331.png -5.481385 -8.723725 -0.594369 
IMG000332.png -5.360181 -8.846657 -0.580366 
IMG000333.png -5.171900 -9.035000 -0.570175 
IMG000334.png -4.995179 -9.110628 -0.551695 
IMG000335.png -4.837871 -9.139349 -0.534220 
IMG000336.png -4.719672 -9.206490 -0.522897 
IMG000337.png -4.640110 -9.230943 -0.534950 
IMG000338.png -4.470133 -9.294834 -0.532554 
IMG000339.png -4.334841 -9.281495 -0.531558 
IMG000340.png -4.219564 -9.268509 -0.503434 
IMG000341.png -4.087289 -9.269191 -0.504144 
IMG000342.png -3.956498 -9.269279 -0.544117 
IMG000343.png -3.854865 -9.252144 -0.503505 
IMG000344.png -3.691971 -9.262002 -0.503498 
IMG000345.png -3.499788 -9.279140 -0.501109 
IMG000346.png -3.306270 -9.270324 -0.501398 
IMG000347.png -3.236900 -9.247331 -0.507191 
IMG000348.png -3.185165 -9.219099 -0.495574 
IMG000349.png -3.130913 -9.180180 -0.481238 
IMG000350.png -3.032834 -9.130138 -0.486069 
IMG000351.png -2.921826 -9.077709 -0.489117 
IMG000352.png -2.724812 -8.960783 -0.475295 
IMG000353.png -2.484306 -8.794175 -0.505783 
IMG000354.png -2.287045 -8.643452 -0.470481 
IMG000355.png -2.067837 -8.476220 -0.473704 
IMG000356.png -1.855480 -8.299779 -0.450729 
IMG000357.png -1.632008 -8.150656 -0.424125 
IMG000358.png -1.453169 -8.003033 -0.422402 
IMG000359.png -1.279109 -7.829851 -0.453970 
IMG000360.png -1.128000 -7.686679 -0.442839 
IMG000361.png -1.009804 -7.526578 -0.445516 
IMG000362.png -0.904327 -7.363545 -0.409554 
IMG000363.png -0.709838 -7.119904 -0.414246 
IMG000364.png -0.585602 -6.864347 -0.412790 
IMG000365.png -0.453531 -6.702439 -0.401122 
IMG000366.png -0.347636 -6.511684 -0.443926 
IMG000367.png -0.220310 -6.270515 -0.450213 
IMG000368.png -0.088830 -6.056329 -0.409254 
IMG000369.png -0.000978 -5.865973 -0.390973 
IMG000370.png 0.134600 -5.689555 -0.349577 
IMG000371.png 0.249106 -5.446362 -0.337432 
IMG000372.png 0.446830 -5.219766 -0.321555 
IMG000373.png 0.583159 -5.015469 -0.339417 
IMG000374.png 0.735659 -4.834394 -0.411715 
IMG000375.png 0.889332 -4.702373 -0.371259 
IMG000376.png 0.978502 -4.575099 -0.390000 
IMG000377.png 1.115600 -4.384219 -0.365785 
IMG000378.png 1.244960 -4.241351 -0.356951 
IMG000379.png 1.368795 -4.098404 -0.347229 
IMG000380.png 1.496658 -3.958342 -0.327447 
IMG000381.png 1.578892 -3.765028 -0.255984 
IMG000382.png 1.682884 -3.592920 -0.276879 
IMG000383.png 1.782095 -3.401484 -0.247289 
IMG000384.png 1.867052 -3.297243 -0.234243 
IMG000385.png 1.972257 -3.113990 -0.224312 
IMG000386.png 2.039113 -2.967775 -0.209023 
IMG000387.png 2.104037 -2.811125 -0.250012 
IMG000388.png 2.127273 -2.640400 -0.186346 
IMG000389.png 2.171757 -2.441744 -0.175595 
IMG000390.png 2.229888 -2.226699 -0.286329 
IMG000391.png 2.212190 -2.074873 -0.299241 
IMG000392.png 2.206581 -1.861920 -0.333009 
IMG000393.png 2.102677 -1.522615 -0.310892 
IMG000394.png 2.021733 -1.322983 -0.329608 
IMG000395.png 1.780566 -0.953053 -0.303898 
IMG000396.png 1.567997 -0.759332 -0.300332 
IMG000397.png 1.463644 -0.667998 -0.290409 
IMG000398.png 1.211105 -0.507288 -0.257163 
IMG000399.png 1.122672 -0.444169 -0.247502 
IMG000400.png 1.037570 -0.387214 -0.213690 
IMG000401.png 0.762621 -0.255414 -0.196000 
IMG000402.png 0.702577 -0.226368 -0.202288 
IMG000403.png 0.638332 -0.211753 -0.184825 
IMG000404.png 0.561997 -0.177306 -0.208847 
IMG000405.png 0.442215 -0.097086 -0.231674 
IMG000406.png 0.312007 -0.074323 -0.238192 
IMG000407.png 0.198513 -0.038128 -0.244355 
IMG000408.png 0.056576 -0.026000 -0.208164 
IMG000409.png -0.082636 -0.013000 -0.209335 
IMG000410.png -0.234298 -0.032144 -0.198054 
IMG000411.png -0.419792 -0.066096 -0.199216 
IMG000412.png -0.643621 -0.115251 -0.189448 
IMG000413.png -0.848250 -0.197835 -0.176396 
IMG000414.png -1.047112 -0.245607 -0.161607 
IMG000415.png -1.251504 -0.309122 -0.134748 
IMG000416.png -1.444447 -0.410354 -0.128646 
IMG000417.png -1.608018 -0.491683 -0.132348 
IMG000418.png -1.772857 -0.649136 -0.150317 
IMG000419.png -1.931775 -0.780309 -0.148422 
IMG000420.png -2.104721 -0.959408 -0.172551 
IMG000421.png -2.271055 -1.149074 -0.183685 
IMG000422.png -2.444454 -1.338978 -0.214258 
IMG000423.png -2.611354 -1.500019 -0.230335 
IMG000424.png -2.822512 -1.667763 -0.239000 
IMG000425.png -3.013176 -1.805002 -0.257044 
IMG000426.png -3.228746 -1.947193 -0.233447 
IMG000427.png -3.450851 -2.059086 -0.238249 
IMG000428.png -3.674085 -2.156475 -0.211983 
IMG000429.png -3.926034 -2.239716 -0.212632 
IMG000430.png -4.191319 -2.294269 -0.223888 
IMG000431.png -4.418693 -2.355992 -0.241587 
IMG000432.png -4.699023 -2.400902 -0.246415 
IMG000433.png -4.958500 -2.423466 -0.246098 
IMG000434.png -5.248365 -2.447667 -0.281671 
IMG000435.png -5.525802 -2.478801 -0.282666 
IMG000436.png -5.795548 -2.491574 -0.283000 
IMG000437.png -6.082918 -2.548667 -0.313184 
IMG000438.png -6.336819 -2.579714 -0.323000 
IMG000439.png -6.627125 -2.656928 -0.333024 
IMG000440.png -6.924510 -2.738070 -0.344206 
IMG000441.png -7.225140 -2.836951 -0.353514 
IMG000442.png -7.494791 -2.935598 -0.353424 
IMG000443.png -7.773795 -3.055093 -0.391928 
IMG000444.png -8.018050 -3.170970 -0.390119 
IMG000445.png -8.238687 -3.311647 -0.365347 
IMG000446.png -8.375387 -3.394266 -0.394879 
IMG000447.png -8.613064 -3.496950 -0.346269 
IMG000448.png -8.739369 -3.581167 -0.304941 
IMG000449.png -8.813229 -3.711783 -0.261123 
IMG000450.png -8.958464 -3.760767 -0.267069 
IMG000451.png -9.074237 -3.881217 -0.289400 
IMG000452.png -9.269642 -3.965921 -0.295904 
IMG000453.png -9.380918 -4.065402 -0.285080 
IMG000454.png -9.513043 -4.198703 -0.292321 
IMG000455.png -9.679270 -4.328698 -0.279926 
IMG000456.png -9.811489 -4.470940 -0.300347 
IMG000457.png -9.956781 -4.627213 -0.301881 
IMG000458.png -10.095691 -4.765419 -0.314296 
IMG000459.png -10.218886 -4.921763 -0.316207 
IMG000460.png -10.342858 -5.089004 -0.324798 
IMG000461.png -10.455802 -5.243897 -0.334841 
IMG000462.png -10.577732 -5.412098 -0.331713 
IMG000463.png -10.712571 -5.629987 -0.323490 
IMG000464.png -10.831873 -5.807296 -0.318335 
IMG000465.png -10.937048 -5.977622 -0.335347 
IMG000466.png -11.053254 -6.211301 -0.294131 
IMG000467.png -11.196176 -6.456091 -0.286243 
IMG000468.png -11.289859 -6.709423 -0.306296 
IMG000469.png -11.410876 -7.013464 -0.285361 
IMG000470.png -11.438105 -7.256855 -0.314760 
IMG000471.png -11.522728 -7.483729 -0.309818 
IMG000472.png -11.551854 -7.675313 -0.309321 
IMG000473.png -11.574139 -7.929459 -0.248074 
IMG000474.png -11.609467 -8.172779 -0.271653 
IMG000475.png -11.605870 -8.419632 -0.227765 
IMG000476.png -11.603676 -8.633368 -0.194500 
IMG000477.png -11.572862 -8.836460 -0.174081 
IMG000478.png -11.516082 -9.043932 -0.200970 
IMG000479.png -11.439880 -9.289257 -0.170690 
IMG000480.png -11.345558 -9.523994 -0.154333 
IMG000481.png -11.251600 -9.719469 -0.222063 
IMG000482.png -11.163988 -9.869959 -0.231351 
IMG000483.png -11.057714 -10.056191 -0.225382 
IMG000484.png -10.935420 -10.246889 -0.206686 
IMG000485.png -10.818623 -10.334898 -0.218381 
IMG000486.png -10.685620 -10.426766 -0.241646 
IMG000487.png -10.536908 -10.570504 -0.241196 
IMG000488.png -10.377858 -10.671571 -0.237417 
IMG000489.png -10.208715 -10.763542 -0.233946 
IMG000490.png -10.043079 -10.842200 -0.290360 
IMG000491.png -9.842835 -10.887978 -0.287094 
IMG000492.png -9.628432 -11.000465 -0.313510 
IMG000493.png -9.399271 -11.074160 -0.288665 
IMG000494.png -9.182450 -11.144647 -0.328924 
IMG000495.png -9.000088 -11.185959 -0.356917 
IMG000496.png -8.791754 -11.239339 -0.378060 
IMG000497.png -8.620050 -11.284300 -0.328120 
IMG000498.png -8.400560 -11.314927 -0.356082 
IMG000499.png -8.188538 -11.331871 -0.386544 
IMG000500.png -7.993812 -11.341951 -0.361524 
IMG000501.png -7.795233 -11.339929 -0.390938 
IMG000502.png -7.592010 -11.362648 -0.423698 
IMG000503.png -7.429266 -11.287805 -0.331642 
IMG000504.png -7.260335 -11.280238 -0.343477 
IMG000505.png -7.053449 -11.234007 -0.363989 
IMG000506.png -6.823720 -11.120518 -0.294252 
IMG000507.png -6.585493 -10.997862 -0.292599 
IMG000508.png -6.425379 -10.881267 -0.288870 
IMG000509.png -6.252350 -10.748838 -0.293300 
IMG000510.png -6.074982 -10.611744 -0.302761 
IMG000511.png -5.924291 -10.480374 -0.299875 
IMG000512.png -5.727895 -10.353825 -0.288014 
IMG000513.png -5.566204 -10.200458 -0.295119 
IMG000514.png -5.401309 -10.045841 -0.330979 
IMG000515.png -5.243035 -9.910608 -0.329801 
IMG000516.png -5.067123 -9.748464 -0.382366 
IMG000517.png -4.826453 -9.598440 -0.281260 
IMG000518.png -4.681451 -9.439854 -0.288150 
IMG000519.png -4.513043 -9.305587 -0.267853 
IMG000520.png -4.326574 -9.146764 -0.307106 
IMG000521.png -4.136485 -9.063379 -0.293788 
IMG000522.png -3.958342 -8.871534 -0.269612 
IMG000523.png -3.798158 -8.751500 -0.285514 
IMG000524.png -3.706300 -8.618807 -0.299852 
IMG000525.png -3.549617 -8.487284 -0.277476 
IMG000526.png -3.410325 -8.335312 -0.261007 
IMG000527.png -3.252198 -8.163670 -0.245945 
IMG000528.png -3.061149 -7.958591 -0.304442 
IMG000529.png -2.891209 -7.812773 -0.315575 
IMG000530.png -2.711920 -7.617884 -0.344018 
IMG000531.png -2.543319 -7.430379 -0.334337 
IMG000532.png -2.387632 -7.293676 -0.313908 
IMG000533.png -2.213295 -7.136252 -0.295036 
IMG000534.png -2.011276 -7.010223 -0.271902 
IMG000535.png -1.914972 -6.884175 -0.307090 
IMG000536.png -1.708108 -6.751745 -0.288945 
IMG000537.png -1.534592 -6.603959 -0.278272 
IMG000538.png -1.326923 -6.522312 -0.241954 
IMG000539.png -1.194791 -6.369474 -0.222683 
IMG000540.png -0.993767 -6.277742 -0.255742 
IMG000541.png -0.831738 -6.200494 -0.241564 
IMG000542.png -0.690185 -6.113669 -0.233165 
IMG000543.png -0.569738 -5.991946 -0.243557 
IMG000544.png -0.199553 -5.806776 -0.194443 
IMG000545.png 0.239387 -5.463307 -0.276223 
IMG000546.png 0.639620 -5.307405 -0.269992 
IMG000547.png 1.067621 -5.107645 -0.137296 
IMG000548.png 1.470128 -4.899721 -0.071303 
IMG000549.png 1.783888 -4.672698 -0.040293 
IMG000550.png 2.035353 -4.444991 -0.108397 
IMG000551.png 2.306191 -4.155383 -0.178915 
IMG000552.png 2.566683 -3.815300 -0.241993 
IMG000553.png 2.768522 -3.504619 -0.268650 
IMG000554.png 2.813738 -3.414612 -0.266650 
IMG000555.png 2.976494 -3.144094 -0.312082 
IMG000556.png 3.010334 -2.933827 -0.293836 
IMG000557.png 3.046000 -2.644187 -0.303346 
IMG000558.png 3.008571 -2.286077 -0.319637 
IMG000559.png 2.888503 -2.058564 -0.276377 
IMG000560.png 2.745302 -1.791437 -0.372008 
IMG000561.png 2.459071 -1.448273 -0.493596 
IMG000562.png 2.077705 -1.079696 -0.509683 
IMG000563.png 0.538927 -0.272060 -0.321313 
IMG000564.png 0.023147 -0.202892 -0.315419 
IMG000565.png -0.469431 -0.192183 -0.343193 
IMG000566.png -0.927451 -0.247888 -0.348000 
IMG000567.png -1.306827 -0.356131 -0.358087 
IMG000568.png -1.716699 -0.494552 -0.375308 
IMG000569.png -2.120033 -0.666646 -0.367823 
IMG000570.png -2.507506 -0.879961 -0.397276 
IMG000571.png -2.835471 -1.094374 -0.392908 
IMG000572.png -3.147089 -1.317641 -0.428478 
IMG000573.png -3.458316 -1.581401 -0.454479 
IMG000574.png -3.696576 -1.813194 -0.458839 
IMG000575.png -3.923593 -2.031062 -0.458857 
IMG000576.png -4.073005 -2.203213 -0.447933 
IMG000577.png -4.206875 -2.375875 -0.459685 
IMG000578.png -4.392337 -2.584861 -0.450786 
IMG000579.png -4.540762 -2.788669 -0.475842 
IMG000580.png -4.657064 -2.985406 -0.515368 
IMG000581.png -4.792537 -3.243021 -0.528483 
IMG000582.png -4.915655 -3.497332 -0.531470 
IMG000583.png -5.058383 -3.787729 -0.539000 
IMG000584.png -5.198131 -4.022991 -0.572883 
IMG000585.png -5.366539 -4.256324 -0.552196 
IMG000586.png -5.538632 -4.458510 -0.556156 
IMG000587.png -5.686925 -4.675335 -0.568937 
IMG000588.png -5.785400 -4.838350 -0.567300 
IMG000589.png -5.925388 -5.017971 -0.577146 
IMG000590.png -6.028171 -5.159501 -0.605598 
IMG000591.png -6.152540 -5.308425 -0.629803 
IMG000592.png -6.303935 -5.503555 -0.664965 
IMG000593.png -6.463224 -5.708346 -0.632000 
IMG000594.png -6.625722 -5.839775 -0.648952 
IMG000595.png -6.793239 -6.040366 -0.604545 
IMG000596.png -7.002010 -6.271048 -0.595760 
IMG000597.png -7.181988 -6.463365 -0.610680 
IMG000598.png -7.409739 -6.694213 -0.619632 
IMG000599.png -7.640997 -6.981591 -0.621486 
IMG000600.png -7.906011 -7.348537 -0.595516 
IMG000601.png -8.050335 -7.625819 -0.595466 
IMG000602.png -8.185094 -7.910553 -0.580961 
IMG000603.png -8.285235 -8.108634 -0.576882 
IMG000604.png -8.357079 -8.418575 -0.567640 
IMG000605.png -8.394653 -8.685207 -0.527893 
IMG000606.png -8.399930 -8.994024 -0.447070 
IMG000607.png -8.374558 -9.228862 -0.451811 
IMG000608.png -8.320384 -9.477961 -0.440776 
IMG000609.png -8.232788 -9.734154 -0.410494 
IMG000610.png -8.156490 -9.896013 -0.426499 
IMG000611.png -8.051743 -10.063801 -0.409491 
IMG000612.png -7.988296 -10.165872 -0.414866 
IMG000613.png -7.895460 -10.256655 -0.415360 
IMG000614.png -7.802785 -10.348417 -0.440264 
IMG000615.png -7.709455 -10.451698 -0.438693 
IMG000616.png -7.607211 -10.526895 -0.426470 
IMG000617.png -7.405679 -10.615101 -0.423208 
IMG000618.png -7.213426 -10.678335 -0.465997 
IMG000619.png -7.026709 -10.706672 -0.450813 
IMG000620.png -6.781944 -10.754435 -0.466130 
IMG000621.png -6.555579 -10.705761 -0.469977 
IMG000622.png -6.435679 -10.685891 -0.473639 
IMG000623.png -6.238966 -10.635360 -0.476943 
IMG000624.png -6.097510 -10.540631 -0.516544 
IMG000625.png -5.985283 -10.446872 -0.503000 
IMG000626.png -5.844775 -10.397387 -0.461597 
IMG000627.png -5.720383 -10.306326 -0.484964 
IMG000628.png -5.568442 -10.189579 -0.528131 
IMG000629.png -5.421748 -10.104691 -0.521402 
IMG000630.png -4.802598 -9.676904 -0.517061 
IMG000631.png -4.112086 -9.253000 -0.533417 
IMG000632.png -3.511758 -8.935343 -0.556903 
IMG000633.png -3.021342 -8.467159 -0.500619 
IMG000634.png -2.564059 -7.978353 -0.473372 
IMG000635.png -2.055880 -7.474390 -0.475700 
IMG000636.png -1.432716 -6.961160 -0.461877 
IMG000637.png -0.767555 -6.489145 -0.427120 
IMG000638.png -0.159120 -6.129746 -0.418833 
IMG000639.png 0.457087 -5.711520 -0.323173 
IMG000640.png 1.120980 -5.322133 -0.296885 
IMG000641.png 1.732911 -4.928604 -0.387007 
IMG000642.png 2.135870 -4.638762 -0.354582 
IMG000643.png 2.680897 -4.253146 -0.416988 
IMG000644.png 3.011424 -3.750198 -0.413473 
IMG000645.png 3.244561 -3.255651 -0.444403 
IMG000646.png 3.336977 -2.715591 -0.431273 
IMG000647.png 3.302678 -2.397682 -0.368765 
IMG000648.png 3.180294 -2.008181 -0.447367 
IMG000649.png 2.883808 -1.815701 -0.423730 
IMG000650.png 2.426111 -1.608063 -0.531557 
IMG000651.png 1.967433 -1.304714 -0.502892 
IMG000652.png 1.693416 -1.043440 -0.481431 
IMG000653.png 1.540422 -0.773781 -0.501516 
IMG000654.png 1.386322 -0.526203 -0.460180 
IMG000655.png 1.268082 -0.331991 -0.466733 
IMG000656.png 1.146731 -0.163352 -0.453648 
