IMG000000.png -0.084456 0.216802 -0.306171 
IMG000001.png -0.165674 0.461704 -0.601706 
IMG000002.png -0.175026 0.484654 -0.631074 
IMG000003.png -0.246476 0.710666 -0.935549 
IMG000004.png -0.251259 0.728208 -0.957612 
IMG000005.png -0.356082 0.954281 -1.275051 
IMG000006.png -0.366669 0.973422 -1.305189 
IMG000007.png -0.523971 1.317128 -1.791096 
IMG000008.png -0.536152 1.346772 -1.829866 
IMG000009.png -0.736331 1.899379 -2.596316 
IMG000010.png -0.957001 2.448619 -3.334042 
IMG000011.png -0.978906 2.515159 -3.417219 
IMG000012.png -1.181859 3.096339 -4.209726 
IMG000013.png -1.434819 3.721322 -5.036406 
IMG000014.png -1.468427 3.833630 -5.171588 
IMG000015.png -1.626727 4.270938 -5.700748 
IMG000016.png -1.940769 5.086420 -6.732798 
IMG000017.png -1.971259 5.172652 -6.844776 
IMG000018.png -2.221666 5.798271 -7.623459 
IMG000019.png -2.255874 5.917091 -7.767133 
IMG000020.png -2.481180 6.543992 -8.567464 
IMG000021.png -2.750390 7.239431 -9.445791 
IMG000022.png -2.767189 7.298640 -9.521322 
IMG000023.png -2.965270 7.833426 -10.208127 
IMG000024.png -2.979036 7.872731 -10.255983 
IMG000025.png -3.255368 8.679990 -11.279597 
IMG000026.png -3.513136 9.361501 -12.188180 
IMG000027.png -3.534720 9.420870 -12.265187 
IMG000028.png -3.784408 10.093157 -13.158675 
IMG000029.png -3.805685 10.152679 -13.240006 
IMG000030.png -3.827005 10.212320 -13.321500 
IMG000031.png -4.067348 10.935698 -14.256830 
IMG000032.png -4.099968 11.034903 -14.384065 
IMG000033.png -4.356875 11.756450 -15.352604 
IMG000034.png -4.378078 11.824068 -15.440588 
IMG000035.png -4.594395 12.459750 -16.267775 
IMG000036.png -4.639849 12.603543 -16.457265 
IMG000037.png -4.894325 13.320321 -17.427320 
IMG000038.png -4.911209 13.367168 -17.492439 
IMG000039.png -5.198895 14.202888 -18.596299 
IMG000040.png -5.220145 14.272456 -18.687905 
IMG000041.png -5.241417 14.342094 -18.779603 
IMG000042.png -5.492532 15.107176 -19.795362 
IMG000043.png -5.514666 15.174464 -19.887061 
IMG000044.png -5.766602 15.924018 -20.890504 
IMG000045.png -5.785196 15.974474 -20.957730 
IMG000046.png -6.055507 16.769107 -22.026096 
IMG000047.png -6.077130 16.837779 -22.117152 
IMG000048.png -6.098764 16.906486 -22.208253 
IMG000049.png -6.346703 17.687854 -23.241634 
IMG000050.png -6.379293 17.782799 -23.372258 
IMG000051.png -6.634189 18.567556 -24.426806 
IMG000052.png -6.656703 18.636554 -24.517083 
IMG000053.png -6.946787 19.516619 -25.719057 
IMG000054.png -6.967820 19.583661 -25.810114 
IMG000055.png -7.254246 20.412809 -26.951471 
IMG000056.png -7.474995 21.118485 -27.902270 
IMG000057.png -7.519582 21.253382 -28.087161 
IMG000058.png -7.752184 21.983731 -29.085421 
IMG000059.png -7.774176 22.053009 -29.181916 
IMG000060.png -8.026490 22.827803 -30.234187 
IMG000061.png -8.047292 22.893664 -30.322698 
IMG000062.png -8.276350 23.620827 -31.308078 
IMG000063.png -8.286386 23.649510 -31.346938 
IMG000064.png -8.566193 24.511356 -32.539753 
IMG000065.png -8.585952 24.577043 -32.627768 
IMG000066.png -8.836263 25.344028 -33.673773 
IMG000067.png -9.074798 26.099530 -34.704299 
IMG000068.png -9.098649 26.167230 -34.801761 
IMG000069.png -9.361926 26.929026 -35.853531 
IMG000070.png -9.392553 27.031451 -35.990930 
IMG000071.png -9.636863 27.801907 -37.040803 
IMG000072.png -9.659215 27.869529 -37.130652 
IMG000073.png -9.895667 28.565363 -38.079128 
IMG000074.png -9.907373 28.602042 -38.129935 
IMG000075.png -10.187587 29.452632 -39.280701 
IMG000076.png -10.216889 29.546825 -39.406981 
IMG000077.png -10.243430 29.632144 -39.521364 
IMG000078.png -10.409543 30.151649 -40.220645 
IMG000079.png -10.424092 30.197198 -40.279342 
IMG000080.png -10.711377 31.075656 -41.466531 
IMG000081.png -10.740627 31.165818 -41.588954 
IMG000082.png -10.975776 31.887533 -42.564422 
IMG000083.png -11.000370 31.962859 -42.664461 
IMG000084.png -11.254777 32.748608 -43.732513 
IMG000085.png -11.276827 32.813857 -43.822376 
IMG000086.png -11.535028 33.574033 -44.857746 
IMG000087.png -11.556945 33.640124 -44.945432 
IMG000088.png -11.821477 34.408652 -45.993915 
IMG000089.png -11.843638 34.475010 -46.084105 
IMG000090.png -12.095466 35.242654 -47.125362 
IMG000091.png -12.128291 35.344716 -47.259303 
IMG000092.png -12.381196 36.110141 -48.295461 
IMG000093.png -12.401155 36.178833 -48.385131 
IMG000094.png -12.655604 36.941039 -49.427406 
IMG000095.png -12.678785 37.007460 -49.516271 
IMG000096.png -12.940991 37.794255 -50.611693 
IMG000097.png -13.170652 38.518746 -51.599872 
IMG000098.png -13.192317 38.586904 -51.691584 
IMG000099.png -13.445408 39.352877 -52.729091 
IMG000100.png -13.465972 39.417309 -52.819583 
IMG000101.png -13.723382 40.164845 -53.859023 
IMG000102.png -13.746135 40.233334 -53.948753 
IMG000103.png -14.002843 41.016334 -55.015914 
IMG000104.png -14.032076 41.104675 -55.135872 
IMG000105.png -14.061309 41.193016 -55.255830 
IMG000106.png -14.311414 41.970485 -56.309961 
IMG000107.png -14.514990 42.584680 -57.142990 
IMG000108.png -14.574825 42.763505 -57.385192 
IMG000109.png -14.817364 43.504611 -58.390109 
IMG000110.png -15.088860 44.308083 -59.485624 
IMG000111.png -15.112072 44.373967 -59.576949 
IMG000112.png -15.376568 45.178299 -60.670643 
IMG000113.png -15.398149 45.245664 -60.758984 
IMG000114.png -15.651814 46.025434 -61.816304 
IMG000115.png -15.915221 46.808901 -62.898500 
IMG000116.png -15.959058 46.942167 -63.083483 
IMG000117.png -16.188901 47.639993 -64.048422 
IMG000118.png -16.235997 47.774243 -64.231042 
IMG000119.png -16.461228 48.497029 -65.228734 
IMG000120.png -16.492108 48.594291 -65.365407 
IMG000121.png -16.735569 49.326320 -66.363174 
IMG000122.png -16.769641 49.427296 -66.500905 
IMG000123.png -17.001569 50.171033 -67.483825 
IMG000124.png -17.022080 50.236513 -67.568988 
IMG000125.png -17.250830 50.961227 -68.557326 
