IMG000000.png 0.000000 0.000000 0.000000 
IMG000001.png -0.419516 -0.002340 0.028293 
IMG000002.png -0.437408 -0.007938 0.022943 
IMG000003.png -0.379646 0.003079 0.024803 
IMG000004.png -0.231864 0.017100 0.012944 
IMG000005.png -0.131454 0.027679 0.029283 
IMG000006.png 0.216200 0.028898 0.022349 
IMG000007.png 0.434928 -0.000444 0.030531 
IMG000008.png 0.541696 0.001859 0.037979 
IMG000009.png 0.674604 0.003180 0.023732 
IMG000010.png 0.786675 -0.013473 0.006180 
IMG000011.png 0.942098 -0.018212 -0.007349 
IMG000012.png 1.078181 -0.003484 -0.002643 
IMG000013.png 1.278523 -0.005571 -0.001777 
IMG000014.png 1.445366 -0.012629 -0.011483 
IMG000015.png 1.699783 -0.037406 0.019658 
IMG000016.png 1.911798 -0.045253 0.021262 
IMG000017.png 2.137867 -0.069772 0.013386 
IMG000018.png 2.340685 -0.079964 0.046051 
IMG000019.png 2.615243 -0.063948 0.042750 
IMG000020.png 2.906183 -0.057150 0.048559 
IMG000021.png 3.254211 -0.066773 0.058093 
IMG000022.png 3.646329 -0.094939 0.040096 
IMG000023.png 4.018959 -0.093487 0.055685 
IMG000024.png 4.320628 -0.112193 0.066793 
IMG000025.png 4.614240 -0.151382 0.030073 
IMG000026.png 4.783791 -0.134856 0.056148 
IMG000027.png 5.060434 -0.127005 0.052959 
IMG000028.png 5.338823 -0.071533 0.046365 
IMG000029.png 5.637593 -0.014092 0.025364 
IMG000030.png 5.960390 0.024836 0.010975 
IMG000031.png 6.271116 0.040374 0.020450 
IMG000032.png 6.548880 0.030993 0.059402 
IMG000033.png 6.759153 0.029526 0.065967 
IMG000034.png 6.967892 0.031919 0.061051 
IMG000035.png 7.175494 0.058101 0.059061 
IMG000036.png 7.437488 0.053229 0.047431 
IMG000037.png 7.647124 0.074677 0.068309 
IMG000038.png 7.903797 0.085362 0.063770 
IMG000039.png 8.140614 0.079237 0.041500 
IMG000040.png 8.341886 0.070491 0.058132 
IMG000041.png 8.595676 0.068433 0.059287 
IMG000042.png 8.804689 0.074140 0.067829 
IMG000043.png 9.109432 0.039679 0.053863 
IMG000044.png 9.447010 0.037066 0.034563 
IMG000045.png 9.791902 0.013849 0.029289 
IMG000046.png 10.105605 0.014924 0.072700 
IMG000047.png 10.420151 0.036294 -0.003258 
IMG000048.png 10.622792 0.023151 -0.009333 
IMG000049.png 11.020966 0.013571 -0.044731 
IMG000050.png 11.402136 0.041514 -0.063215 
IMG000051.png 11.710934 0.063312 -0.047647 
IMG000052.png 12.016711 0.063957 -0.041286 
IMG000053.png 12.287611 0.052864 -0.076652 
IMG000054.png 12.660858 0.010912 -0.126744 
IMG000055.png 12.935078 0.025875 -0.126236 
IMG000056.png 13.283771 0.065917 -0.062161 
IMG000057.png 13.649020 0.126674 -0.086138 
IMG000058.png 13.962473 0.160035 -0.081707 
IMG000059.png 14.273279 0.214878 -0.095615 
IMG000060.png 14.657549 0.282363 -0.126377 
IMG000061.png 15.002791 0.288175 -0.138784 
IMG000062.png 15.365448 0.287346 -0.100554 
IMG000063.png 15.695324 0.251600 -0.086577 
IMG000064.png 16.015728 0.238993 -0.061663 
IMG000065.png 16.312757 0.236965 -0.070593 
IMG000066.png 16.567713 0.220151 -0.074759 
IMG000067.png 16.779783 0.214562 -0.038567 
IMG000068.png 17.049370 0.197691 -0.052716 
IMG000069.png 17.285835 0.203431 -0.057692 
IMG000070.png 17.477783 0.200258 -0.054352 
IMG000071.png 17.903820 0.127194 -0.081175 
IMG000072.png 18.203904 0.095776 -0.092119 
IMG000073.png 18.577213 0.030082 -0.065000 
IMG000074.png 18.824607 0.029670 -0.034958 
IMG000075.png 19.121975 0.035588 -0.038000 
IMG000076.png 19.379305 0.025025 -0.012176 
IMG000077.png 19.613962 0.013565 -0.000651 
IMG000078.png 19.958007 0.078225 -0.029693 
IMG000079.png 20.252482 0.127345 -0.044230 
IMG000080.png 20.527633 0.171956 -0.025150 
IMG000081.png 20.798606 0.180596 -0.036937 
IMG000082.png 21.062032 0.200644 -0.023929 
IMG000083.png 21.315829 0.160733 -0.026294 
IMG000084.png 21.595148 0.161163 -0.048119 
IMG000085.png 21.895587 0.184240 -0.043475 
IMG000086.png 22.231804 0.155197 -0.051468 
IMG000087.png 22.558129 0.136971 -0.074167 
IMG000088.png 22.926443 0.140531 -0.114231 
IMG000089.png 23.246182 0.134367 -0.102374 
IMG000090.png 23.608047 0.129346 -0.075591 
IMG000091.png 23.936714 0.154352 -0.078903 
IMG000092.png 24.167473 0.179825 -0.053702 
IMG000093.png 24.512708 0.204936 -0.057887 
IMG000094.png 24.864645 0.212519 -0.050575 
IMG000095.png 25.236199 0.189209 -0.057950 
IMG000096.png 25.471507 0.175877 -0.061541 
IMG000097.png 25.810779 0.201161 -0.050559 
IMG000098.png 26.072023 0.220600 -0.028832 
IMG000099.png 26.351751 0.224362 0.003955 
IMG000100.png 26.600842 0.240388 -0.003333 
IMG000101.png 26.849685 0.260666 -0.059753 
IMG000102.png 27.111663 0.264953 -0.092932 
IMG000103.png 27.396482 0.258099 -0.068707 
IMG000104.png 27.690815 0.268196 -0.075698 
IMG000105.png 27.955799 0.262510 -0.051417 
IMG000106.png 28.218242 0.255054 -0.038129 
IMG000107.png 28.460797 0.263872 -0.030630 
IMG000108.png 28.784899 0.291419 -0.009700 
IMG000109.png 29.080859 0.278303 -0.010964 
IMG000110.png 29.450740 0.258752 -0.026188 
IMG000111.png 29.762232 0.249003 -0.037000 
IMG000112.png 30.062370 0.242043 -0.048021 
IMG000113.png 30.396473 0.235573 -0.056703 
IMG000114.png 30.655359 0.253315 -0.043505 
IMG000115.png 31.035206 0.270996 -0.042359 
IMG000116.png 31.349379 0.279485 -0.064420 
IMG000117.png 31.639582 0.279133 -0.060404 
IMG000118.png 31.968241 0.238988 -0.071845 
IMG000119.png 32.262869 0.217216 -0.089779 
IMG000120.png 32.580763 0.216379 -0.078168 
IMG000121.png 32.902812 0.233298 -0.078154 
IMG000122.png 33.198951 0.282234 -0.073376 
IMG000123.png 33.506751 0.270956 -0.066000 
IMG000124.png 33.830792 0.291726 -0.087692 
IMG000125.png 34.151231 0.295681 -0.079551 
IMG000126.png 34.445371 0.283995 -0.040867 
IMG000127.png 34.814078 0.323415 -0.082680 
IMG000128.png 35.098699 0.293152 -0.076358 
IMG000129.png 35.387763 0.275528 -0.052252 
IMG000130.png 35.626690 0.290865 -0.061779 
IMG000131.png 35.955798 0.272331 -0.059414 
IMG000132.png 36.179840 0.294913 -0.055922 
IMG000133.png 36.456158 0.317478 -0.032431 
IMG000134.png 36.784666 0.313942 -0.049571 
IMG000135.png 37.053360 0.342308 -0.033619 
IMG000136.png 37.362412 0.368983 -0.056175 
IMG000137.png 37.635883 0.414970 -0.052794 
IMG000138.png 37.877298 0.474406 -0.025618 
IMG000139.png 38.130217 0.486266 -0.022827 
IMG000140.png 38.383134 0.512042 -0.024020 
IMG000141.png 38.630923 0.535777 -0.084094 
IMG000142.png 38.883854 0.540800 -0.111188 
IMG000143.png 39.155513 0.527039 -0.091305 
IMG000144.png 39.468959 0.545441 -0.058990 
IMG000145.png 39.739019 0.557669 -0.068532 
IMG000146.png 40.055583 0.570391 -0.067561 
IMG000147.png 40.306735 0.610744 -0.037174 
IMG000148.png 40.597510 0.575042 -0.085050 
IMG000149.png 40.878246 0.553896 -0.095059 
IMG000150.png 41.146950 0.540983 -0.078279 
IMG000151.png 41.438296 0.526978 -0.076908 
IMG000152.png 41.693736 0.540421 -0.070020 
IMG000153.png 41.978045 0.514186 -0.084341 
IMG000154.png 42.202148 0.537140 -0.060144 
IMG000155.png 42.481814 0.513153 -0.072726 
IMG000156.png 42.777577 0.482729 -0.068175 
IMG000157.png 43.069484 0.470618 -0.096042 
IMG000158.png 43.291986 0.485301 -0.071079 
IMG000159.png 43.665277 0.462275 -0.082178 
IMG000160.png 43.961318 0.480854 -0.069641 
IMG000161.png 44.178433 0.461914 -0.064800 
IMG000162.png 44.510682 0.439289 -0.075319 
IMG000163.png 44.843970 0.432402 -0.093150 
IMG000164.png 45.050700 0.421943 -0.070479 
IMG000165.png 45.379192 0.406503 -0.047422 
IMG000166.png 45.747623 0.398689 -0.069250 
IMG000167.png 45.981727 0.400235 -0.053922 
IMG000168.png 46.289054 0.389691 -0.050372 
IMG000169.png 46.568240 0.374073 -0.050262 
IMG000170.png 47.010482 0.358608 -0.056622 
IMG000171.png 47.249534 0.337764 -0.046816 
IMG000172.png 47.499160 0.335526 -0.044210 
IMG000173.png 47.751509 0.349989 -0.039619 
IMG000174.png 47.981791 0.387002 -0.028153 
IMG000175.png 48.237902 0.431392 -0.034927 
IMG000176.png 48.466640 0.465851 -0.023158 
IMG000177.png 48.708157 0.495538 -0.024443 
IMG000178.png 48.911669 0.506883 -0.025653 
IMG000179.png 49.224254 0.501814 -0.010000 
IMG000180.png 49.464732 0.502502 -0.000401 
IMG000181.png 49.731756 0.499685 0.022558 
IMG000182.png 49.932906 0.481505 0.000991 
IMG000183.png 50.202662 0.493734 -0.021042 
IMG000184.png 50.465626 0.513738 -0.016899 
IMG000185.png 50.765627 0.502701 -0.016385 
IMG000186.png 51.101090 0.515249 -0.028000 
IMG000187.png 51.397252 0.477158 -0.043060 
IMG000188.png 51.705017 0.488208 -0.017697 
IMG000189.png 52.085252 0.460830 -0.048300 
IMG000190.png 52.365612 0.461560 -0.041402 
IMG000191.png 52.755096 0.461280 -0.031641 
IMG000192.png 53.048240 0.471327 -0.022765 
IMG000193.png 53.347106 0.501884 -0.029844 
IMG000194.png 53.666553 0.488971 -0.041118 
IMG000195.png 53.952949 0.503054 -0.028111 
IMG000196.png 54.272284 0.462862 -0.043225 
IMG000197.png 54.594607 0.466718 -0.047574 
IMG000198.png 55.002086 0.533583 -0.056046 
IMG000199.png 55.336735 0.565493 -0.093238 
IMG000200.png 55.642198 0.595258 -0.080419 
IMG000201.png 56.084701 0.556040 -0.081829 
IMG000202.png 56.440656 0.592099 -0.070825 
IMG000203.png 56.751848 0.600452 -0.054281 
IMG000204.png 57.094695 0.578854 -0.070136 
IMG000205.png 57.355580 0.578282 -0.063588 
IMG000206.png 57.612313 0.572619 -0.049138 
IMG000207.png 57.847899 0.592149 -0.026278 
IMG000208.png 58.066980 0.597515 -0.020292 
IMG000209.png 58.308308 0.566049 -0.032608 
IMG000210.png 58.532609 0.555873 -0.035412 
IMG000211.png 58.913460 0.539671 -0.079166 
IMG000212.png 59.167700 0.531924 -0.083615 
IMG000213.png 59.419502 0.535600 -0.104916 
IMG000214.png 59.728631 0.540109 -0.195495 
IMG000215.png 59.959210 0.536331 -0.115000 
IMG000216.png 60.225341 0.579730 -0.050959 
IMG000217.png 60.556308 0.491154 -0.079460 
IMG000218.png 60.861136 0.438428 -0.069838 
IMG000219.png 61.170229 0.437743 -0.052111 
IMG000220.png 61.456274 0.394459 -0.015751 
IMG000221.png 61.760202 0.408382 -0.016381 
IMG000222.png 62.034048 0.426562 -0.030985 
IMG000223.png 62.251936 0.468981 -0.028153 
IMG000224.png 62.528182 0.537941 -0.034176 
IMG000225.png 62.824730 0.559328 -0.037032 
IMG000226.png 63.124143 0.586576 -0.040294 
IMG000227.png 63.387309 0.581472 -0.041579 
IMG000228.png 63.727697 0.584753 -0.051858 
IMG000229.png 64.010434 0.597559 -0.048000 
IMG000230.png 64.298401 0.597312 -0.043732 
IMG000231.png 64.601876 0.595733 -0.035779 
IMG000232.png 64.975573 0.575996 -0.049139 
IMG000233.png 65.284764 0.575813 -0.038890 
IMG000234.png 65.618912 0.549607 -0.050513 
IMG000235.png 65.978321 0.537056 -0.038586 
IMG000236.png 66.310705 0.532902 -0.032790 
IMG000237.png 66.568822 0.523992 -0.036462 
IMG000238.png 66.816452 0.545020 -0.039938 
IMG000239.png 67.078046 0.544772 -0.037054 
IMG000240.png 67.425001 0.524826 -0.032047 
IMG000241.png 67.704453 0.528647 -0.043385 
IMG000242.png 68.096232 0.528027 -0.068809 
IMG000243.png 68.323168 0.524337 -0.058448 
IMG000244.png 68.701803 0.546973 -0.046451 
IMG000245.png 69.039217 0.566996 -0.066288 
IMG000246.png 69.422868 0.595921 -0.067957 
IMG000247.png 69.844512 0.586343 -0.072915 
IMG000248.png 70.197816 0.593420 -0.073684 
IMG000249.png 70.619131 0.577860 -0.085426 
IMG000250.png 70.999063 0.603271 -0.081000 
IMG000251.png 71.405639 0.588276 -0.085365 
IMG000252.png 71.760074 0.598197 -0.115184 
IMG000253.png 72.046323 0.593312 -0.132525 
IMG000254.png 72.501028 0.590962 -0.122884 
IMG000255.png 72.781960 0.591353 -0.087382 
IMG000256.png 73.040005 0.592754 -0.069221 
IMG000257.png 73.318544 0.604429 -0.085235 
IMG000258.png 73.577118 0.613061 -0.096435 
IMG000259.png 73.867563 0.613560 -0.104188 
IMG000260.png 74.196281 0.609432 -0.120889 
IMG000261.png 74.460333 0.612498 -0.120240 
IMG000262.png 74.784256 0.608020 -0.117447 
IMG000263.png 75.102493 0.604380 -0.110278 
IMG000264.png 75.395879 0.593826 -0.093175 
IMG000265.png 75.698621 0.585992 -0.094749 
IMG000266.png 76.006333 0.583729 -0.098237 
IMG000267.png 76.308724 0.589939 -0.087646 
IMG000268.png 76.548468 0.584163 -0.085000 
IMG000269.png 76.810441 0.601488 -0.091350 
IMG000270.png 77.036411 0.621156 -0.089359 
IMG000271.png 77.303339 0.651384 -0.089000 
IMG000272.png 77.614143 0.672074 -0.081508 
IMG000273.png 77.799567 0.671668 -0.081910 
IMG000274.png 78.081791 0.673629 -0.081329 
IMG000275.png 78.349816 0.674468 -0.103146 
IMG000276.png 78.627126 0.670185 -0.139452 
IMG000277.png 78.867238 0.669459 -0.127349 
IMG000278.png 79.189410 0.664246 -0.123098 
IMG000279.png 79.507131 0.663859 -0.094135 
IMG000280.png 79.855876 0.655672 -0.103098 
IMG000281.png 80.131580 0.645816 -0.075687 
IMG000282.png 80.401050 0.645905 -0.085826 
IMG000283.png 80.679055 0.637659 -0.095455 
IMG000284.png 80.959097 0.625645 -0.097336 
IMG000285.png 81.319682 0.614684 -0.110621 
IMG000286.png 81.685718 0.618692 -0.117729 
IMG000287.png 82.019986 0.622613 -0.101442 
IMG000288.png 82.456768 0.601304 -0.116263 
IMG000289.png 82.758119 0.610770 -0.120249 
IMG000290.png 83.091297 0.604360 -0.115928 
IMG000291.png 83.414267 0.617542 -0.113886 
IMG000292.png 83.987149 0.679299 -0.106856 
IMG000293.png 84.455330 0.717154 -0.094931 
IMG000294.png 84.781492 0.741168 -0.100635 
IMG000295.png 85.231985 0.743964 -0.117239 
IMG000296.png 85.565339 0.737661 -0.102740 
IMG000297.png 85.828067 0.735129 -0.093432 
IMG000298.png 86.126664 0.734018 -0.107123 
IMG000299.png 86.479789 0.744450 -0.113059 
IMG000300.png 86.755392 0.740892 -0.108536 
IMG000301.png 87.031442 0.733505 -0.096170 
IMG000302.png 87.295555 0.722862 -0.106360 
IMG000303.png 87.581141 0.742665 -0.104584 
IMG000304.png 87.950181 0.765819 -0.124091 
IMG000305.png 88.291720 0.835776 -0.089715 
IMG000306.png 88.615155 0.926751 -0.077519 
IMG000307.png 88.979121 1.019068 -0.078934 
IMG000308.png 89.257152 1.081265 -0.095525 
IMG000309.png 89.561341 1.133728 -0.082450 
IMG000310.png 89.925267 1.157927 -0.097150 
IMG000311.png 90.339308 1.148665 -0.093710 
IMG000312.png 90.527383 1.125080 -0.100017 
IMG000313.png 90.818515 1.060416 -0.091483 
IMG000314.png 91.028990 0.985380 -0.071216 
IMG000315.png 91.171432 0.921339 -0.067895 
IMG000316.png 91.328535 0.850874 -0.085270 
IMG000317.png 91.481815 0.732095 -0.088730 
IMG000318.png 91.652634 0.634446 -0.100464 
IMG000319.png 91.846551 0.536192 -0.105005 
IMG000320.png 92.057660 0.397616 -0.111271 
IMG000321.png 93.182126 -0.376932 -0.091551 
IMG000322.png 93.339207 -0.461857 -0.111085 
IMG000323.png 93.448153 -0.552972 -0.105858 
IMG000324.png 93.033026 -0.360188 -0.064642 
IMG000325.png 92.690915 -0.163947 -0.080946 
IMG000326.png 92.333751 0.018305 -0.085964 
IMG000327.png 92.473189 -0.037088 -0.084549 
IMG000328.png 92.514343 -0.039038 -0.076897 
IMG000329.png 92.681198 -0.031161 -0.067954 
IMG000330.png 92.933387 -0.029243 -0.071526 
IMG000331.png 93.245075 0.007533 -0.073150 
IMG000332.png 93.519875 0.072248 -0.049508 
IMG000333.png 93.791997 0.146911 -0.068226 
IMG000334.png 94.069952 0.209868 -0.064402 
IMG000335.png 94.311778 0.295595 -0.066899 
IMG000336.png 94.584092 0.352917 -0.069269 
IMG000337.png 94.845090 0.414694 -0.060462 
IMG000338.png 95.174480 0.437252 -0.064451 
IMG000339.png 95.460809 0.441414 -0.073180 
IMG000340.png 95.781152 0.434823 -0.085802 
IMG000341.png 96.084939 0.438392 -0.084910 
IMG000342.png 96.434408 0.438503 -0.106113 
IMG000343.png 96.652906 0.436955 -0.088157 
IMG000344.png 96.898067 0.441400 -0.093340 
IMG000345.png 97.080583 0.446664 -0.097579 
IMG000346.png 97.304707 0.433148 -0.060740 
IMG000347.png 97.524050 0.450325 -0.058810 
IMG000348.png 97.748693 0.463953 -0.061282 
IMG000349.png 97.921955 0.452746 -0.057563 
IMG000350.png 98.213871 0.447995 -0.047282 
IMG000351.png 98.438760 0.457624 -0.045759 
IMG000352.png 98.671569 0.451372 -0.043098 
IMG000353.png 98.891488 0.476024 -0.043685 
IMG000354.png 99.109205 0.482909 -0.049483 
IMG000355.png 99.326763 0.493860 -0.045592 
IMG000356.png 99.560060 0.478364 -0.046452 
IMG000357.png 99.847595 0.488742 -0.054303 
IMG000358.png 100.126995 0.511182 -0.059889 
IMG000359.png 100.381031 0.491830 -0.073917 
IMG000360.png 100.675592 0.487484 -0.091605 
IMG000361.png 100.994293 0.471352 -0.087500 
IMG000362.png 101.340976 0.483933 -0.074797 
IMG000363.png 101.681888 0.505032 -0.077551 
IMG000364.png 102.012806 0.514783 -0.053018 
IMG000365.png 102.286796 0.523912 -0.050206 
IMG000366.png 102.594302 0.543053 -0.045893 
IMG000367.png 102.903514 0.544156 -0.049447 
IMG000368.png 103.289040 0.553528 -0.031915 
IMG000369.png 103.605515 0.568338 -0.035750 
IMG000370.png 103.932645 0.566782 -0.051201 
IMG000371.png 104.267337 0.571250 -0.054493 
IMG000372.png 104.608662 0.573330 -0.068508 
IMG000373.png 104.975816 0.577952 -0.077379 
IMG000374.png 105.250478 0.580780 -0.077269 
IMG000375.png 105.524152 0.571316 -0.074945 
IMG000376.png 105.866509 0.573965 -0.070426 
IMG000377.png 106.151778 0.578788 -0.064562 
IMG000378.png 106.428651 0.585754 -0.063691 
IMG000379.png 106.826354 0.594337 -0.076051 
IMG000380.png 107.080062 0.604259 -0.063820 
IMG000381.png 107.341012 0.610991 -0.043598 
IMG000382.png 107.612513 0.622244 -0.042744 
IMG000383.png 107.869450 0.624502 -0.044560 
IMG000384.png 108.154691 0.625066 -0.036000 
IMG000385.png 108.425411 0.655770 -0.093541 
IMG000386.png 108.710592 0.666446 -0.102653 
IMG000387.png 108.975907 0.654786 -0.105466 
IMG000388.png 109.228720 0.654225 -0.087754 
IMG000389.png 109.506377 0.654561 -0.067657 
IMG000390.png 109.794697 0.655444 -0.058231 
IMG000391.png 110.090821 0.650299 -0.071464 
IMG000392.png 110.347707 0.648003 -0.081000 
IMG000393.png 110.600525 0.642094 -0.057258 
IMG000394.png 110.869333 0.638330 -0.032482 
IMG000395.png 111.133470 0.660575 -0.026703 
IMG000396.png 111.505562 0.688491 -0.035311 
IMG000397.png 111.794777 0.680746 -0.066340 
IMG000398.png 112.069544 0.690358 -0.089700 
IMG000399.png 112.307611 0.691977 -0.099722 
IMG000400.png 112.582730 0.687935 -0.110876 
IMG000401.png 112.924531 0.704978 -0.051526 
IMG000402.png 113.216711 0.694570 -0.087908 
IMG000403.png 113.597370 0.706935 -0.066333 
IMG000404.png 113.853149 0.731498 -0.090586 
IMG000405.png 114.138665 0.714866 -0.052121 
IMG000406.png 114.492377 0.723849 -0.050300 
IMG000407.png 114.871903 0.717375 -0.041333 
IMG000408.png 115.204631 0.743749 -0.043431 
IMG000409.png 115.522107 0.751139 -0.046732 
IMG000410.png 115.846952 0.781856 -0.013558 
IMG000411.png 116.190297 0.749698 -0.024129 
IMG000412.png 116.471462 0.765834 -0.017506 
IMG000413.png 116.888970 0.754461 -0.033710 
IMG000414.png 117.214840 0.759902 -0.046370 
IMG000415.png 117.536432 0.802307 -0.039795 
IMG000416.png 117.864380 0.776098 -0.044920 
IMG000417.png 118.199037 0.784836 -0.042400 
IMG000418.png 118.617559 0.776723 -0.047708 
IMG000419.png 119.011483 0.805666 -0.023433 
IMG000420.png 119.275805 0.791217 -0.048732 
IMG000421.png 119.595929 0.799790 -0.022902 
IMG000422.png 119.896327 0.792192 -0.057042 
IMG000423.png 120.163641 0.788512 -0.066533 
IMG000424.png 120.511825 0.806610 -0.088424 
IMG000425.png 120.776394 0.794816 -0.044286 
IMG000426.png 121.040759 0.786250 -0.007090 
IMG000427.png 121.312084 0.793575 -0.021531 
IMG000428.png 121.589385 0.792758 -0.024164 
IMG000429.png 121.859785 0.788481 -0.028061 
IMG000430.png 122.149301 0.793402 -0.040546 
IMG000431.png 122.537587 0.780522 -0.033720 
IMG000432.png 122.933511 0.803476 -0.022039 
IMG000433.png 123.315100 0.798787 -0.030822 
IMG000434.png 123.694958 0.807111 -0.027600 
IMG000435.png 124.073555 0.800272 -0.016458 
IMG000436.png 124.493492 0.798126 -0.029391 
IMG000437.png 124.866122 0.795633 -0.023092 
IMG000438.png 125.262892 0.801975 -0.009285 
IMG000439.png 125.588756 0.802718 -0.014939 
IMG000440.png 125.971253 0.781499 -0.033849 
IMG000441.png 126.293231 0.754466 -0.036900 
IMG000442.png 126.585123 0.682236 -0.032025 
IMG000443.png 126.894225 0.667570 -0.021539 
IMG000444.png 127.166622 0.659519 -0.026780 
IMG000445.png 127.514557 0.667183 -0.015136 
IMG000446.png 127.891027 0.683688 -0.014407 
IMG000447.png 128.163376 0.732489 -0.027010 
IMG000448.png 128.395279 0.780358 -0.025118 
IMG000449.png 128.708234 0.811990 -0.017715 
IMG000450.png 129.065636 0.848640 -0.009593 
IMG000451.png 129.376249 0.855912 -0.025883 
IMG000452.png 129.702002 0.851998 -0.015818 
IMG000453.png 130.005804 0.843490 -0.008826 
IMG000454.png 130.309828 0.849551 -0.018106 
IMG000455.png 130.621769 0.844922 -0.014910 
IMG000456.png 130.941847 0.833800 -0.008071 
IMG000457.png 131.237816 0.838876 -0.014302 
IMG000458.png 131.498022 0.823518 -0.020087 
IMG000459.png 131.838283 0.768354 -0.028495 
IMG000460.png 132.139720 0.693324 -0.032836 
IMG000461.png 132.427737 0.653203 -0.021506 
IMG000462.png 132.725195 0.612570 -0.017656 
IMG000463.png 133.087276 0.586392 -0.009731 
IMG000464.png 133.354954 0.548308 -0.009955 
IMG000465.png 133.619587 0.523634 -0.012743 
IMG000466.png 133.943362 0.494125 -0.001079 
IMG000467.png 134.293864 0.456936 0.003489 
IMG000468.png 134.547171 0.412814 -0.005333 
IMG000469.png 134.864090 0.389475 0.013106 
IMG000470.png 135.153449 0.360601 0.018111 
IMG000471.png 135.414795 0.333988 0.002168 
IMG000472.png 135.713185 0.257327 -0.001330 
IMG000473.png 135.955468 0.204106 0.003417 
IMG000474.png 136.180600 0.100939 0.000569 
IMG000475.png 136.391230 -0.007630 0.019662 
IMG000476.png 136.659992 -0.175610 0.015456 
IMG000477.png 136.807410 -0.294226 0.022609 
IMG000478.png 136.939566 -0.397957 0.028439 
IMG000479.png 137.095847 -0.514873 0.016502 
IMG000480.png 137.206383 -0.631959 0.012238 
IMG000481.png 137.315177 -0.767471 0.011585 
IMG000482.png 137.422977 -0.911167 0.013694 
IMG000483.png 137.524705 -1.041653 0.006680 
IMG000484.png 137.615198 -1.166247 0.006203 
IMG000485.png 137.692258 -1.299359 0.017281 
IMG000486.png 137.777020 -1.428941 0.017695 
IMG000487.png 137.857838 -1.556335 0.013091 
IMG000488.png 138.304833 -2.534690 0.029935 
IMG000489.png 138.344507 -2.787022 0.036000 
IMG000490.png 138.322621 -2.716850 0.028699 
IMG000491.png 138.254626 -2.567940 0.038272 
IMG000492.png 138.177563 -2.432486 0.041083 
IMG000493.png 138.056780 -2.270567 0.045953 
IMG000494.png 137.927948 -2.135883 0.013198 
IMG000495.png 137.802048 -1.970057 0.020549 
IMG000496.png 137.682915 -1.853087 0.018578 
IMG000497.png 137.590956 -1.768594 0.014510 
IMG000498.png 137.518128 -1.688250 0.010000 
IMG000499.png 137.384623 -1.574890 0.002746 
IMG000500.png 137.208775 -1.422485 0.008658 
IMG000501.png 137.029790 -1.301905 0.005789 
IMG000502.png 136.778532 -1.156659 -0.011222 
IMG000503.png 136.573808 -0.971353 0.009758 
IMG000504.png 136.278216 -0.769688 0.001112 
IMG000505.png 136.070249 -0.519629 0.011870 
IMG000506.png 135.770671 -0.226497 0.013766 
IMG000507.png 135.553752 0.092884 0.012907 
IMG000508.png 135.333390 0.442680 0.012204 
IMG000509.png 135.237089 0.609418 0.010670 
IMG000510.png 135.075587 0.937311 0.010707 
IMG000511.png 134.884029 1.503268 0.039246 
IMG000512.png 134.867288 1.597182 0.053590 
IMG000513.png 134.836742 1.491280 0.048082 
IMG000514.png 134.811693 1.352839 0.036112 
IMG000515.png 134.777854 1.255384 0.037481 
IMG000516.png 134.725414 1.122558 0.031792 
IMG000517.png 134.617450 0.903281 0.020766 
IMG000518.png 134.550944 0.787193 0.012005 
IMG000519.png 134.488482 0.696874 0.015185 
IMG000520.png 134.417633 0.577722 0.023763 
IMG000521.png 134.312803 0.457239 0.022190 
IMG000522.png 134.219306 0.357647 0.027051 
IMG000523.png 134.133631 0.250264 0.031414 
IMG000524.png 134.030979 0.155254 0.030364 
IMG000525.png 133.942294 0.056958 0.045262 
IMG000526.png 133.860506 -0.035400 0.043110 
IMG000527.png 133.733675 -0.143833 0.043267 
IMG000528.png 133.497693 -0.312402 0.045963 
IMG000529.png 133.252521 -0.454682 0.040005 
IMG000530.png 133.012346 -0.596143 0.030554 
IMG000531.png 132.754159 -0.703124 0.017788 
IMG000532.png 132.559432 -0.790450 0.021391 
IMG000533.png 132.371947 -0.880943 0.016222 
IMG000534.png 132.173990 -0.965889 0.008059 
IMG000535.png 131.960668 -1.043936 -0.012345 
IMG000536.png 131.754420 -1.116471 -0.018984 
IMG000537.png 131.522481 -1.156355 -0.015214 
IMG000538.png 131.335391 -1.197967 0.001913 
IMG000539.png 131.105157 -1.212455 -0.003733 
IMG000540.png 130.884103 -1.221850 -0.012202 
IMG000541.png 130.673943 -1.220257 -0.013937 
IMG000542.png 130.495503 -1.201436 0.007297 
IMG000543.png 130.281264 -1.194407 0.014676 
IMG000544.png 130.052949 -1.177438 -0.001869 
IMG000545.png 129.801431 -1.172694 0.001975 
IMG000546.png 129.538195 -1.152799 0.024028 
IMG000547.png 129.241859 -1.153759 0.030223 
IMG000548.png 128.946434 -1.172148 0.010281 
IMG000549.png 128.667034 -1.199595 -0.002000 
IMG000550.png 128.310513 -1.257352 -0.002589 
IMG000551.png 127.956019 -1.295174 0.001000 
IMG000552.png 127.646981 -1.280296 -0.012732 
IMG000553.png 127.321284 -1.250383 -0.019823 
IMG000554.png 127.013872 -1.231810 -0.026228 
IMG000555.png 126.715830 -1.212022 0.000306 
IMG000556.png 126.439651 -1.214478 0.010128 
IMG000557.png 126.096698 -1.219539 -0.010298 
IMG000558.png 125.810752 -1.248045 -0.005279 
IMG000559.png 125.442598 -1.271596 0.016000 
IMG000560.png 125.165059 -1.281868 0.007146 
IMG000561.png 124.982688 -1.287166 0.002756 
IMG000562.png 124.606262 -1.290465 0.013258 
IMG000563.png 124.307133 -1.289500 0.000991 
IMG000564.png 124.019003 -1.306591 -0.005818 
IMG000565.png 123.709027 -1.317953 -0.011574 
IMG000566.png 123.409808 -1.320777 -0.030157 
IMG000567.png 123.127115 -1.327865 -0.027924 
IMG000568.png 122.840024 -1.317299 -0.008823 
IMG000569.png 122.655996 -1.299317 0.004799 
IMG000570.png 122.415230 -1.301538 0.001237 
IMG000571.png 121.983629 -1.301489 -0.027289 
IMG000572.png 121.826551 -1.296633 -0.024819 
IMG000573.png 121.615276 -1.286641 -0.015737 
IMG000574.png 121.275729 -1.288620 -0.015189 
IMG000575.png 120.925331 -1.282907 -0.028206 
IMG000576.png 120.789126 -1.277249 -0.031403 
IMG000577.png 120.594387 -1.261495 -0.024360 
IMG000578.png 120.643739 -1.263816 -0.030447 
IMG000579.png 120.939356 -1.274138 -0.023991 
IMG000580.png 121.263977 -1.279488 -0.026000 
IMG000581.png 121.654688 -1.275167 -0.020854 
